156.00720490670537,156.21862618379,192.51383286501627,16.940543529985614,79.59162686256963,91.3597555488859,78.56326322795825,93.69090967815876,99.55438410173795,24.943887234042553,0
181.93323075809698,205.86761567992292,166.21764996717022,243.066394183194,161.94065830153417,156.68621217946762,96.13685063501492,125.29990207127236,133.62095207189415,27.164014893617022,0
198.0889277965438,129.32821234358167,123.57249657720801,292.5094837792096,197.6635796957106,193.9601630988994,134.59244587076722,316.9462692545467,280.55691472498376,20.40138247863248,0
166.87864972828993,121.96729321534113,87.88609150649653,192.41648071686896,153.0036738033942,151.2809522546283,179.83681738544857,89.41779802983604,66.53455011745035,31.937579059829062,0
57.261798460512004,79.34221859197261,140.77753138718487,15.956245778660325,90.34838613542546,76.09217762876303,91.31647512371504,78.8164222634554,108.45103575248628,27.414397872340427,0
111.57222745473833,122.48806578806371,153.7651068031163,67.4527036862331,108.08046449398421,94.24962467666816,53.58298310734219,98.57255665838822,115.86717146074363,27.47745859872612,0
41.91525563846588,70.36222734148284,76.5272094784093,49.81827167855277,92.71776769706314,45.474486942029586,84.9674060105129,49.75203124028381,83.75673229717674,26.80305263157895,0
52.263043141309325,68.90372186966314,83.24573899683014,68.999442284993,106.27410851080212,84.7106676478585,38.36200912138146,62.08127221816523,63.4572961704276,27.730641949152545,0
151.5257814732375,141.182744657412,101.96408566501096,40.34198625449076,105.01157532555688,95.62381669361474,115.82829336287088,183.27485995591945,172.77202074389885,25.63009554140128,0
99.6955329682964,60.363244501494385,104.66705515440621,79.763725543272,116.36014372200209,79.27152902080975,76.5855271716583,78.60817522564243,87.56086010178745,26.068392324093814,0
134.06912130136013,133.02796289342672,120.56301204148407,152.54251178485654,152.0602629697211,171.94899605025134,59.72823896848308,98.26484749736126,129.9535736407361,27.6627,0
90.55999518145308,56.976657640246565,60.47443663326137,50.34847907312645,32.77285333792088,71.34692802534033,117.8072418737009,134.75315137504847,137.86333236680878,27.70505708245243,0
30.080322203524616,18.782066299021007,60.157125938966175,14.811786074384614,31.957998697949623,13.945823029541625,73.43248227871156,38.84729684878743,36.946858573806175,25.61604680851064,0
230.11851643442418,175.7961281777534,126.84910363854509,232.4773893024659,267.49298044357494,247.54187763024873,342.19950542563475,258.2733064131503,195.25378854533514,26.678861702127655,0
112.23122357476521,69.97684089197625,62.35818018814277,116.26219636554148,81.67251506680871,42.91007008453644,77.12520089171839,76.28283354989892,77.96607484754573,26.68093829787234,0
0.0,18.918730928574348,13.257434723475583,29.2680067386456,61.18711977441796,33.30194349950081,42.06480391187597,42.75899823057877,61.72308936136845,26.659963983050844,0
114.43962246983159,73.0500385911865,86.76760707386735,69.41189325778286,69.16622753704272,100.75094645080083,66.70435487085825,57.28095090043137,74.33659998449693,26.26396405919662,0
0.0,0.0,0.0,41.56921546926032,11.059244687345009,14.14913620013069,33.7895781723732,63.42251056876469,78.82176786593762,27.02239316239316,0
155.4039576381081,192.65650975239143,138.21856312631684,110.00146763080525,95.7365945556921,97.67904189785939,142.32489696245145,38.547856919716956,51.00321366897494,27.773855319148936,0
190.1649385574303,181.0244247873418,157.7898603795415,217.39943435693522,284.9744863932282,224.08750479251432,105.70491809735044,80.55280826908411,86.81979798531161,30.22126923076923,0
45.241726657948696,27.70278186805238,36.33424373158938,28.7673344465901,32.6525196267532,30.909252685424615,29.305829515124294,55.7832078743781,65.27395670670639,26.467961702127656,0
62.621290257418124,40.04029819811275,88.32744619799227,69.29732587202693,7.275008846210428,78.54456179438908,71.85279900280486,58.091345942851646,54.73273824489285,26.413743644067797,0
182.26586336738583,144.86904947472058,104.2949447668054,286.6480155816705,154.78664484683623,116.30323709960936,106.29494700509473,73.8611378908101,84.1749918098403,26.713886993603406,0
134.94016426145208,162.56637183741591,144.25946719812754,160.97354678690414,231.4713800113684,280.41411531075505,122.29393871186696,156.2011838342698,136.51575685940279,27.284400852878463,0
108.90384059690548,68.34437286138386,89.75617741195718,97.2815115869586,85.90448604703026,39.07072779991511,79.68755979675608,87.05264844886979,122.79745088967394,26.616540425531912,0
0.0,26.562580024289375,50.084524928363216,59.94267327919265,102.60871128918916,41.00292471447772,89.89189413265503,116.31975265061921,108.18916391332102,24.754406779661014,0
168.30529130208416,122.59645288390276,88.24380065603977,131.69622514375527,102.29083808981558,59.77470171127504,369.19418972726606,323.84166787713156,262.68625661021053,18.91235244161359,0
35.746771753194004,42.37975567677848,53.58208365814273,14.917287848572924,73.17788655803524,29.29616171902759,53.3111411917699,81.48479871189315,108.09485929944907,28.119976495726497,0
0.0,0.0,34.3279348297888,61.2001742212997,35.84314269209692,67.30240968126532,88.9704924985531,75.4200102704484,65.61985972226306,27.24088510638298,0
201.33318722825115,163.10834347509004,123.1181381605079,220.16732311490608,125.06198561193575,91.53120120613274,22.415097054228504,40.92251546362262,42.90167914058379,28.112375,6
161.7590590216525,131.1621677326013,102.44164005168994,258.60016675886743,296.55210696057463,235.83575086579123,411.5206684936,347.878098098015,281.3859586504241,25.375,8
63.41001028854928,40.08270632420604,78.4615355487582,91.59813182903895,28.783512959218196,40.49482186328222,69.57388716790955,107.79382554392188,121.37095980386962,27.349961864406776,8
233.52232260399316,185.03319618801913,161.63532150253715,351.4445327301403,244.90736041130026,234.55580458080144,396.69529323413974,320.6190673329472,269.48937058782604,25.676467948717953,8
92.17972156469706,147.7068367507116,107.02764802208499,55.60575698847416,83.2860727822736,79.60310963926072,129.28125456960447,73.53453920320585,81.47266037814387,26.43768577494692,8
0.0,0.0,22.90914310616238,9.659042188470789,48.59715388594572,86.61231364438156,36.108248588257325,52.1974578141257,75.25169167861864,26.42732059447983,2
168.60083578497657,103.09857378337095,133.72558863701602,152.86717465384706,124.57198433029014,162.92082241369738,103.4180391503684,136.4036692604423,130.8268624974403,26.07691932059448,0
146.7534912692801,92.96514478871727,104.85992502233692,124.16522209006895,107.68049337839942,74.13277735454207,39.26392886743297,34.06526876741979,38.63010452571682,26.080404210526314,0
117.40645290091629,133.8542310492795,165.26469566828055,185.7647390394693,78.74722735942382,63.13015110570107,107.63018933496045,125.14662525928168,102.8554801986891,27.108477611940298,0
140.86454901557067,141.0631745269412,103.70845315902613,139.82804929186798,212.44309018805802,163.39720880500403,94.46919311594262,120.30122489674189,121.03256800561773,26.619661702127665,0
175.99604498312343,147.90307204379377,171.31967080456093,127.41515023659883,194.83272192025998,94.85294379515955,76.41930587576395,81.45130702348773,124.78503909734577,26.244083333333332,0
116.64595300857009,174.25406709044768,125.9454086823158,59.28724110542528,85.66280006312341,99.7743129284829,80.45186891855114,132.30139233889741,113.59895497542156,25.985914893617025,0
130.48215774267945,83.66239639087476,90.54982132630207,102.33144108447867,105.70514388872878,126.21460763403773,78.03882784648796,106.14033009169468,94.3064529869513,22.403453961456105,0
62.25440627103317,67.30620531595326,114.52857991068926,72.51553134727713,170.27891927357862,242.52121736960964,58.776086064945844,72.1468523756332,106.32334600226669,22.684468354430376,0
92.17736859589202,131.87873858049363,157.17175210462412,73.24918654522519,103.92613371114908,54.216013000132705,126.59337388146427,142.21035959075803,145.46393007678142,22.731959745762712,0
0.0,6.403310768529467,57.59187617164,40.68476876232644,32.523314589565196,63.61201213755292,63.11639863253807,94.23901074122303,121.448482116882,21.432438297872338,0
46.04504465283257,79.97885256734698,58.05414745213439,72.0947017474373,139.52548766909936,133.93723675596553,51.19808422770333,80.82977266605167,91.92930634118663,21.64440380549683,0
214.43594893529948,195.3989815512409,192.66598583166146,213.89787795689898,170.42244050534248,211.058947010412,403.92054865254124,318.6426915754169,345.1547199982783,22.054389830508477,0
111.4110441014661,100.34181853714166,124.87757766266603,102.27372264657046,68.33203750411984,113.69893815420284,47.394988580443645,77.99926163436547,77.20523394588395,22.65498717948718,0
93.97884577985583,77.66638971802195,115.65138812837382,107.21752958245186,94.99803274551594,70.75242934159876,119.63976443896878,130.5578666431248,96.38111919726904,23.938139240506327,0
138.49151812270594,121.15407073699066,129.49585173740854,131.12305831183522,183.77714329293988,265.4652479055917,151.23405197284427,111.93934565392877,147.43571096641202,20.70144989339019,5
37.07570520657515,22.42030926573548,16.395675898260354,38.120467798466244,22.018388111774843,27.074416520027754,95.74067729053236,101.87201158300462,98.15609855958687,22.52978846153846,21
136.66428979889312,86.86780457995076,90.87097599542201,90.1809465914372,106.35013913553567,103.29528372201052,84.9754456609255,74.86143220534372,72.3485111968756,23.192316239316238,33
14.224503938090805,76.15032555791048,119.47182448388251,94.8245912634125,52.103727271049735,145.0167017315051,74.5685935600752,95.20777887159508,118.36822845560077,24.03233474576271,34
203.76897705543888,142.81540054996898,164.0964482617302,232.99834717171046,155.0914102141823,139.14194844273237,222.4655878357094,177.98072523806746,214.06426492584535,22.33164618644068,34
151.50398911776148,162.6676756153853,183.0244918100088,51.80737768750464,94.96334361969711,108.83882627015048,104.9288307307147,124.245959648886,132.60197045914876,23.794322649572646,28
68.20931559235206,116.9557001447138,129.88520019259275,97.80874541335312,179.24771627586136,230.944642525513,50.24245315620281,61.14802899797212,69.8895869706636,22.960585623678647,12
0.0,18.780751583696123,36.81126410257394,75.98829284045887,52.0474401455683,18.572090726568888,53.62833347236118,72.68910268212312,73.59242804147071,23.535587737843553,1
179.6315264420156,139.73576402460114,101.92432432782282,89.04740422441466,140.8561781236703,82.21589985454052,111.97391558628301,46.62138811885815,70.61597236570674,23.52492324093817,0
0.0,0.0,19.592295141286804,26.938745265904892,43.108754467501534,62.03647699431279,48.29088187806674,71.1586034771209,79.15453593072165,23.207289640591963,0
95.99816765700153,109.14055413959863,165.8764756224074,70.28161587692401,75.06116522451629,121.9450311717501,64.34852001320755,101.85520452031713,191.66655636512854,23.033672995780588,0
48.05264102590391,101.14345105317658,100.04054002035473,52.90178792758935,48.95413417929233,67.32108807719011,73.76723811005925,69.15069525641154,74.49018366045519,23.92266737739872,0
177.04307179298203,135.51898465092916,98.65934768704406,37.47728743316977,110.88049692290699,91.28200821459473,50.92466944033261,80.00539264703139,83.10553204772111,23.778858050847457,0
177.15628819004627,143.97822861870446,106.73180646687918,257.69574434828405,192.80928761520207,193.9754506938079,118.90684894893478,116.813694923475,125.01609231577596,30.49776923076923,0
106.56838859463059,97.06680298741166,136.45242581496979,119.93047725803468,90.26415611093351,149.18108793927763,78.09718997101726,67.3064568491241,98.05206070988523,23.74125902335457,0
0.0,61.040736538981854,50.29110973616333,14.544217675987376,97.857335834774,108.6375349422438,52.86342737775737,95.5284434167774,149.9589841617151,22.495371794871794,0
12.406969213613312,58.89700137554903,88.3744846037514,92.75393608630641,82.54258973988125,152.3258583715272,117.34945608672257,70.1189791690528,74.79313972216897,23.560340380549686,0
176.65669837268553,141.20716217903532,101.75506308661079,197.1527072319649,91.62732043115706,95.0622743263118,32.602331856001214,66.92754527758613,68.03070452718977,21.565765822784808,0
63.81365139528222,45.98102584628544,96.43048403727734,85.37550231407992,86.4562882151556,156.4184808272354,127.37285808303716,96.23934235393489,79.87328657265128,24.27453151260504,0
37.83072687711887,53.537639334844,116.14194124537103,114.15880993638395,114.11375112855549,195.36113387433824,96.1312488534416,97.65579095065173,131.99503080992213,22.455754237288136,0
155.25560237992696,136.05467451759435,154.58875457524195,250.04205418872445,188.24565477873725,302.82211495930926,322.7000796026872,260.3241757104183,238.28365746021018,22.739834394904456,3
46.79865246571585,44.83581108865902,102.46635357030969,58.94596428124434,85.349961498246,49.12305606234189,62.96145679825293,89.30499040799575,105.35521627324324,22.971123931623932,19
88.99741676816592,132.32249271245428,131.99714398477946,75.02264024333002,111.86088138863391,155.858124175769,70.38022175352337,110.19849279141067,126.45739791051881,23.70590486257928,45
59.83096171355048,104.57697681092733,104.03949241693127,50.74631974007313,32.25352048551379,9.66775334274616,59.58834518237384,89.05113742869658,81.05209817243879,24.66959745762712,66
196.7085394508422,185.07759290772242,161.057736549219,276.0569880166124,267.91367531606187,338.45320301886943,134.94821031343002,150.14137305964712,157.5661595874416,24.112119402985076,75
78.29542129525424,107.70322574612783,115.68530090202815,140.0967607748766,78.8786426070691,168.09936483563376,93.40171018267986,110.54281746024714,103.21424767022741,23.462481876332625,72
119.52943112514617,107.35303193512166,96.59556267059033,167.77268854167679,83.88976414283451,71.2858247021636,107.53633161820848,148.91800032871424,123.32405622266823,24.313328421052628,57
64.23301416563915,107.91139912253718,116.83503438917924,96.91588732402346,112.20622620895767,100.84651598444508,142.01922863253745,119.9395765487604,114.68213238238529,24.017841101694916,30
57.601431350220196,113.57169959862183,105.30037152856153,91.4859412381885,97.27732484092893,68.5360799088537,118.8620258640523,190.73089381234814,125.74807427126647,24.374418803418806,9
83.44151344650183,50.89204114641192,92.64573452194284,61.03093420744936,32.26273311517233,74.8161890849489,67.89418483488706,75.42898172169951,123.68789987439587,24.01863675213675,0
151.85635822767358,154.74015394263984,132.44384923149653,229.8366688801421,132.64335852444464,84.0676013732064,213.2393295165969,143.94396716360816,245.28593032898468,20.478777070063696,0
96.9008306215903,74.38712183211769,92.2882932982538,172.70290989112897,214.68752593199508,229.8404566201914,75.16919927546783,96.53886473844274,121.04981389838544,28.319299363057322,0
0.0,31.28109149143062,44.903779294496886,65.28893171874249,81.28474283724292,26.821784149755317,38.13267228871937,64.35887271833676,83.3257152436744,24.48103164556962,0
67.49700668400934,79.53912534977654,53.01255137683812,57.167778672914096,90.10950939042338,99.01295535599661,157.3875999743336,107.82543881216077,116.58907690599678,25.87172899159664,0
102.60701498785735,123.22735656490232,96.8364845524432,38.04736591531707,148.86913067548696,69.65747489675603,71.50425995566056,123.57324030946776,136.27019357093567,24.289113978494623,0
0.0,14.251272661868326,59.795090119848645,47.729716659874924,49.4660674386115,116.80629875279,59.61156585996431,60.97453615317537,86.84519405209738,26.461912579957357,0
169.91380061609848,136.39827259348087,134.3802569168117,67.19193039533185,53.049889585989376,32.20189446858954,315.0704171194504,284.78420909321613,271.8807793061916,20.176463002114165,0
64.64932883148239,40.28420708049505,89.43303988185414,35.31044937305598,19.45774571288269,56.7813411587635,96.78592549085221,66.34914270834841,107.05301825294005,28.040562367864688,0
64.05932088151383,77.41737756071443,110.40583940573961,61.00784128217421,105.84836020981535,153.12375058272357,50.07178094306617,52.4440665993437,53.78068011555564,25.73803846153846,0
56.41518134667477,34.944866412783554,61.25891718519559,6.524819217004812,31.43613378096169,90.34154058140125,37.92796347771768,55.23539374846516,64.95019483879226,26.90544136460554,0
118.38305753747134,143.95676518953977,184.4125477665184,75.64885460167771,115.05483856432527,102.6991949436635,85.35732981480567,79.78424277951484,123.11232037588793,26.31397863247863,1
166.35444803592543,114.11021605365491,91.67221207964533,54.93614580508929,22.162162128979265,52.42994862623945,335.0577830539765,234.06684069591432,239.86871234223696,26.320343283582094,14
93.25812671912709,58.48921450540672,113.74106194849296,72.78102539936579,94.87089277118795,147.186109232,58.77446252299626,55.317920574641605,77.95929606764186,25.955942430703622,40
121.95156674929142,146.12212185821895,217.16163789358342,39.116823469113605,53.850861203352,54.209147359767556,68.69440069732467,98.53136749315169,94.74149817673602,26.3880405982906,77
120.3130006632592,76.95502148397523,140.5545784027483,115.33625915336086,116.08582531444883,253.4533699365349,88.517720220456,92.10964457988653,110.01603187463006,25.86236652542373,108
207.60555208075886,133.3413404298332,168.288556136409,143.20727987103027,74.7528537478317,97.47893723969635,139.98211884804158,46.00999685063341,52.01549509503501,26.87412101910828,126
113.42310667777504,72.63063475119527,95.93057089851385,199.42041657366346,110.98462668770902,122.38577769029978,146.79728971931462,93.63046041536187,109.54588112692724,32.68571428571428,119
132.3117032924142,124.00784237737274,109.01980222208631,185.24503581034253,161.2689579223306,157.57614395605057,72.72070794177387,102.03589617224964,117.01025628867042,26.537245726495723,93
130.40599819132999,128.11853166858697,98.73994870405194,152.15316057010114,190.78780549763763,243.47762788161566,111.91480036488598,176.93419388959154,193.5239786426696,28.159278723404256,57
41.8187082334671,65.54110757108928,82.29109901478454,51.232237567118126,104.3097739023083,19.10193151718636,104.04151906618443,141.29845131614448,135.65415907029663,26.425492537313435,25
15.069709028847527,57.53450710339286,57.65719602755611,43.50392209332318,100.73921402073685,131.91371716763783,43.94075993977671,61.097031826590836,62.9279287942562,27.382275053304905,6
136.32652057139745,90.38142473046507,124.09372194712424,161.5676700597781,105.71156476802588,144.99055209796197,213.98749380677603,168.2503995392376,161.63765521986713,26.88945569620253,0
133.0275343800322,127.09804188735923,123.01226785304786,65.35224017240851,81.8830116333023,52.29337893761615,50.87287844455568,87.31858181204493,98.86089960626141,26.81286808510638,0
106.54724081341281,146.49105273299838,175.551297609415,14.72992166573901,89.31456285659588,80.25789027709214,100.79199095546694,123.35858856289616,127.84510633069038,26.07047974413646,0
0.0,0.0,0.0,57.83218094511933,64.30008234605512,66.2034729478354,59.87177309182174,68.62793263028588,79.79296591139051,27.18757356076759,0
177.23453782212525,138.96770432217048,108.14703144848473,49.1833353310635,43.71733865873365,87.76507263732911,59.23962806991877,73.60509299001033,71.44563247573205,26.467948936170213,0
117.32349170483857,97.86223171718036,121.5942465713367,146.5744427328871,164.17266642548606,147.9053317064469,97.77461579437498,69.97594342132807,137.18729121292063,33.968663135593225,0
156.72192113770683,99.48793696658625,114.92741270332513,55.03193340708538,55.58423460863099,22.732656942575975,109.18095358548001,124.7366472100329,117.4477130716437,20.950755274261603,0
144.01747036423112,158.41434046674513,119.22633309436482,198.73460398631724,314.35521062452494,296.5433118726916,88.15246906682077,156.61303674427026,137.64724970565595,27.34479617834395,0
58.742625414947206,43.95586129258814,61.75154000407631,130.95048829241077,94.73504288985312,122.97363662345178,103.95099534117482,101.97815323834664,125.23186100757702,27.485181818181818,0
33.566704358367765,20.74532367771219,65.3141469921417,71.09822018007368,72.39005378021879,149.50959838703898,83.52705321619442,71.04649514870788,75.56045649575219,27.69814135021097,0
221.48290052728038,141.8080057139823,115.78494352325485,218.21300851795834,146.85388928499503,175.51198569699326,119.05768280248661,99.214677393402,93.53071107850583,27.392283298097254,10
134.10450463015482,98.48252753905524,113.65390779438142,118.1832693610466,146.94779723437946,167.59203790055497,102.70321350223934,136.52312083451196,143.0853063939531,26.959565031982944,33
175.60024325071032,169.09650225095947,123.0957550648808,197.69019723197405,150.6506811572679,170.71215939660794,101.25452568935853,148.50467318185338,147.40432422403512,26.64620895522388,70
118.0312364691846,118.50242007162909,132.77597816254755,101.12586142637294,95.33578900206602,96.65832355581097,95.31520989949692,100.372703277281,105.31454259340113,29.00931991525424,116
186.95928249103602,230.22821233505348,166.81096949598208,225.47346594853278,298.90835224759775,300.15729073961967,162.75320973977117,209.87495487648908,172.5211662753213,28.539725738396623,158
56.161127750551515,126.10995021586089,143.19936403240533,97.75566544205091,142.73676176974598,189.09393888700657,80.96070465403004,87.47922259324112,87.49954849966554,27.35832196162047,177
200.12327403226234,203.63927383121657,191.7110896721872,179.15882276606536,88.47959105454939,96.95952441692677,179.99695796459767,169.66012540578419,138.44959591302856,26.825474576271187,170
147.5435013343885,124.46031360474596,132.27782033873987,231.44528382166214,182.22076376457412,116.4487280854154,76.50444378704655,128.24419410233673,165.09725573191648,27.351046908315563,138
154.4940898290652,97.77756824265897,105.2907768123905,137.03568524688907,124.36688088057558,144.3968715995908,110.42098784938263,103.45526938903448,107.13954799420301,27.098573839662443,91
164.2525326032193,159.92103204983027,215.09323677995883,56.75576146101105,67.74118805478108,128.00247782033472,93.69082034081435,107.316180384522,133.60962409736098,27.74060212765957,50
145.71708588886327,91.48164522939695,100.32854987986319,198.99799087821475,202.0945383091264,147.8425442201781,189.9631837721341,125.50406511878717,151.22222006157835,26.96684434968017,20
71.52271432173734,124.2689249191156,161.86847990476215,137.20518277922562,158.36561251157497,172.73339709485302,95.45257234099704,99.58966334644869,107.63188363302201,27.413660256410257,4
0.0,13.365058396190154,89.5544141455867,47.46783337991977,90.58997005569435,214.79287287087723,44.4740836556126,50.54313863317416,87.71567882040678,27.32818510638298,0
114.53140255345633,135.63615301313914,133.31718024124243,141.91815179080274,49.20558018374877,127.34835220238391,107.90784967569267,69.69567311342311,74.25022037451518,27.886159914712156,0
59.9852004119033,61.36726753741795,69.04140470481217,60.68955522465263,77.1742540472873,106.0224916875926,69.62688296295987,75.69382219272029,73.72238170632502,27.213133757961785,0
165.88454492536948,149.62204907827564,121.11725136556586,157.27373066837444,171.52353329780067,146.4868957308639,179.93739499647666,79.63670734142234,145.45875740746038,26.8302623655914,0
117.67045194798281,103.67061205068316,136.93439869984257,100.45703534790567,118.69517564979759,78.82858425919484,96.5179318088828,117.30435762186336,138.79259658321908,26.070523206751055,0
55.07573057570724,56.27074023985205,95.84070834926288,29.41489899417151,22.61760818129757,85.7346531114432,55.13285965330796,66.0211274286364,90.37325520840189,28.40482264957265,0
197.55462012796727,147.97060668012642,106.8440189567493,311.76900210493716,303.8687688447878,272.7224296470191,363.0851772777445,240.45179180029294,212.7449498266699,26.54625799573561,0
0.0,0.0,47.19562756684893,83.18363830744936,107.54679105707442,166.6463949301192,57.70136079450466,63.187703414744846,73.97502080400459,26.459926160337552,0
0.0,0.0,62.6808094026459,60.3946554076688,108.00295782713336,82.08722091187734,36.92348929338393,61.02839112609249,80.52274591915209,27.153232409381662,7
71.01772597503219,132.2419729530977,96.45918690270405,46.33504872903961,79.9486919337704,83.09953648014772,50.83943493361527,90.67299919765436,84.82642866075753,26.89452210526316,27
120.42000375083981,110.73486234656222,114.54598947081213,75.02585932806045,143.1475246807726,122.4782415532621,91.45556683097038,108.53176977800281,97.14874069263102,26.179805970149257,61
113.23219004142062,150.68975273342315,108.33268183816756,130.44601822987818,178.55106449462806,164.62019790679773,94.7768044227327,124.45522546054606,112.65290120674116,26.424745263157895,107
135.1895723630956,147.32785687841698,126.1767664796001,149.81389206704534,181.82994879474555,185.10952840736536,138.13835632722177,156.127865112741,133.42347423823514,27.63027542372882,158
200.58978688601076,128.80211597479757,143.84312298649928,216.6166705262394,163.80845965343948,149.44363385219683,461.5123945536485,388.6571081310401,354.97606911318974,23.375023454157784,200
174.15126140839823,185.7083126796036,202.2203373850215,165.20255654051797,174.05414813047375,139.10007992980312,135.72100927804928,149.0733743685288,151.5336437676132,27.83100213219616,220
169.87580204314045,214.44219008019473,224.17080413608716,206.7959986826439,254.54939622913133,154.70435588269595,169.19306565973116,179.9884564390244,133.92175450223993,26.855461702127663,213
232.1290858854026,234.66169513706873,235.17078540906766,215.03686067876862,231.3687948514064,242.04638405356405,169.28091271491763,183.63299309856217,140.80874515727965,26.69964680851064,181
233.27596602889287,149.12526270553758,133.3958147402153,349.56067113684867,328.3290935775842,361.4520188838934,237.31242974142808,218.66949143179576,209.15684945908785,25.520723044397464,132
137.94950853660777,140.98469868189957,175.7608696153395,126.22992064830082,176.3312991600965,185.91885995605884,157.31023581479758,103.87767372224413,168.8500474720453,26.133350210970463,82
116.95203883386344,169.22147554365782,167.4200830831594,62.61835450969331,167.80622534978707,151.36757826384869,89.86977615790462,101.9563810412409,89.88299786373533,27.969795789473682,43
0.0,12.451274846437057,51.54568192873908,56.109118004761505,51.161227753145816,84.10075035558599,91.05682437181943,65.37808778936119,56.51678154903487,25.74988583509514,16
140.9044956972966,157.1924212951597,114.78768147058267,132.5495977096262,140.75924767305995,132.12247640941834,31.143876094483836,63.021009548689904,83.31045016700568,26.22663326226013,2
29.245673461483193,30.090971635659933,89.76448782166173,33.311697522462076,32.51088293723314,130.55404002791502,55.54037233042247,67.1498894990183,84.66529164768137,27.73104051172708,0
205.86058454243025,130.62764775349177,106.02290955247881,304.3258623517693,270.2164814559056,216.16628583973434,90.72095673004834,88.40215600760499,108.01563855410878,26.906355319148933,0
57.916882939369756,109.84683564547774,94.96603697329576,58.221293309372946,134.631910394735,46.45006898407312,62.557180398714515,76.09233548074411,84.63999127143408,27.154272921108742,0
218.6301386594126,199.43466349125202,143.44902081600884,299.53094841054013,318.45519912915415,280.31848699800753,190.11963554453627,154.46118241585776,183.49969009475902,26.902294243070365,0
65.81184792162118,41.66261156965174,117.77698816259858,82.30906402184428,52.73900728086544,57.41892644186869,60.873247980678485,58.52715352541995,83.0506156884023,26.76177185501066,0
36.682880431225215,21.742395907957537,44.06889790108777,59.113269609774996,84.11665202764647,83.9780242578186,55.99921184031023,74.55724741823252,98.95100353596182,27.03283547008547,0
181.29917531937554,115.14684758351777,152.35810892758835,197.4105443653511,191.39776527569023,223.76682401443284,48.33103420538614,42.8450062622684,73.66585269232091,26.076040169133194,4
0.0,0.0,43.18838843520205,13.114253206637828,31.172403069632995,87.38142759501925,68.59062225800001,33.25947358421036,63.02060130413899,26.530650319829423,22
109.87099653446404,164.65565541721887,178.87210681301235,90.7856493913338,64.12722421385394,117.1364795031177,60.29164486946129,103.36317387114485,105.13845974190167,26.960193205944798,53
85.37297903592933,117.64525824123409,85.90788201603988,55.09570242966971,104.92122100890978,80.10720399500369,61.10760847348173,93.22619485738177,92.8193251390773,27.15258510638298,96
101.28481667408336,149.82898268291711,183.91651261733278,110.14062003506177,140.05595761520868,129.00684605771397,141.89039005106693,66.82658193498388,122.84819684674889,28.64410447761194,147
234.39917099335892,202.00169553699274,198.5556792365067,308.8580713271358,278.37972753254826,209.47849862513303,82.87906795766179,111.78188101720042,150.17803998998528,28.15129914529915,193
123.05536155649996,92.7145422398909,139.52438657709135,93.53172038147731,106.97369819717373,32.59260082778379,115.49018240975947,116.2170501813723,140.71639367675945,27.104769067796614,227
203.00282331666642,183.85864033076427,148.6806853956163,301.90069010285595,331.2043629555483,256.55988609176006,115.6758371522273,97.49504437749377,124.15280004025072,26.985549682875266,245
243.26697011938143,271.85085189180967,246.87788296555183,212.87137345178743,248.49586693690358,181.92375801257091,208.1421927918999,245.8429947158918,207.93532037132834,28.721873150105708,238
221.4415491651427,151.41234574858063,137.4312108674279,246.49805445184523,260.7843452495141,270.61478722602556,207.73879379404423,169.7932744426364,142.44394410098596,26.712840085287848,212
143.50734061775688,168.28033029179244,195.9798109520776,159.25982074782002,252.4431427300058,230.08939893767845,182.2081948384022,185.88737471301593,151.54393775041973,27.417915611814347,172
91.24820552296515,126.1477313618846,130.74288012504346,87.14354465723773,164.00034360081358,100.38769433905888,134.53750998174777,142.3664483375847,124.68770089481296,26.780657446808508,122
173.69650767540213,153.8311593806614,130.1140537784943,31.758026079253433,44.144781486141994,49.95005047638517,57.80384110553841,94.41638229451236,107.40256374011942,26.7034776119403,74
66.2589620693494,42.05133812790474,29.545604537696732,90.77133522448612,82.90844987468627,64.77301762995629,91.14654539573246,68.03603777983608,68.60856991964206,27.11307838983051,37
50.26116898804424,71.06222260640202,133.2213664102322,134.28899995603638,137.25535857309356,113.3244174114609,99.72074134760315,129.46543418371476,111.0409165804278,26.710947145877377,12
17.71240802433546,8.323011092419907,35.10921531401462,39.71089463484453,48.88175379770022,33.677513911129665,56.088334476642096,64.08222329205981,68.79348420811998,25.82419450317125,1
162.81718972000445,104.17531223061182,128.96589409041746,123.53066588635266,128.3806407011083,99.0651679549679,339.9566094969163,291.4316470128181,271.36400100507,25.341088794926,0
55.44853724389053,41.577815966869565,71.41487668360905,84.88894462822215,65.09616682717933,10.601582967537794,91.25478365062887,72.05118346834251,66.83216592750632,27.80903426124197,0
0.0,14.638273592313919,50.587906279138,59.19076865874695,114.38463404270159,188.4229049355424,79.98534459896975,120.33954797280076,138.39328043553408,25.958542372881357,0
0.0,14.858108765367621,95.63292071605514,69.36955975554466,13.852447493150924,108.76998722961667,82.26614526596147,74.43740426687505,59.57322278144452,26.74318776371308,0
0.0,35.17424512870663,90.12411049808564,41.68326802178583,115.86811050349385,60.6073453937038,60.99762539471518,112.20427558551688,118.67687015250156,25.50516417910448,1
144.88434097856864,130.023038719423,101.14401777095088,152.89052079973044,168.2740643483162,133.42707589589318,120.91353782227506,122.86489270570172,113.73482595226773,26.162078891257995,15
90.60371552926547,131.95296316873245,141.30067637596545,142.71758623522499,99.30060931339968,166.4615371367199,160.675463365099,207.70405123346413,230.76633438369174,28.23683547008547,43
6.413788641998536,53.0313626935843,36.547715008985875,42.97456845291556,59.399226376750185,36.95155758634821,87.27694602055753,76.44479781518534,73.78421603363668,26.967882729211087,84
182.2178324346498,164.58232599168394,155.3406506693383,97.5945501579305,104.31443381319896,100.4232723985939,155.26074722257064,60.5387538327344,72.78079526328005,27.407763213530654,134
144.39144859174158,170.46198006083245,173.1624932429799,52.7837658907106,7.840047122584903,66.41614976198552,100.884119456365,64.72930137627918,100.62512392522689,26.318277185501067,184
155.80419423243947,207.79953906233422,149.4472771099063,148.20761925331314,171.33441715618545,146.5538186322489,119.37415823457025,139.8010276921418,119.51440900577968,27.672414012738855,221
85.04482192527361,52.88570815322928,38.537444176920474,18.5498943026167,36.84091348168009,29.738386272540346,109.73224120305161,124.11249879322496,122.31069012817503,26.425913502109704,244
56.36812074414041,141.12170122387573,124.29380701140491,26.929868792664525,154.04811600893856,149.7571270128431,104.64057658365763,166.01736571230606,151.85030787405765,27.804961620469083,254
186.6268557464086,168.91390504558063,155.20094883729502,95.53612630871025,94.29502587975198,160.69117652243708,156.06917515104197,147.49544567114705,154.57632372917604,25.92157142857143,250
192.22219689387393,204.14739557700534,148.62641298066492,234.88838691864237,294.40118621309324,251.12501725822116,184.6732823262941,147.2754595281961,130.41110295026652,25.103266524520258,234
219.3177888582577,154.12056846856967,110.45561658452004,215.81943661896554,169.9078609078824,157.37142211742713,169.75898431376942,174.86264766653733,129.61324227186054,27.707872881355932,205
215.44964810833918,184.87867481193035,133.6929956830694,161.6531241733364,98.47708669386323,114.32865066017192,165.7932376922803,167.8570388149765,150.34174400175772,26.861649048625793,161
58.67883402556737,119.6004381420494,119.48272610243382,100.30387474183459,46.73343368925012,83.96079947737535,84.84903004882823,152.25214936930774,166.92582071230564,26.921061833688697,110
205.46118342093692,149.82163528276794,118.19488999173423,304.5281630526378,265.6703227002182,277.56633748137256,374.71936387654466,314.17260948682656,277.1522257389736,25.995792372881354,64
124.89039185795009,79.66904603857462,116.66979706140971,115.59539717625383,66.49866260077545,68.56254401480395,87.33053993187929,113.58395895281382,90.07166089321385,27.215948936170214,29
14.605920174290048,63.20784684454816,98.54474586152804,50.94976772999968,88.3806933053922,45.47082777061536,44.9233088154556,64.1406604753901,71.9690619530897,26.587533898305082,7
96.90195131250971,139.40499998586213,188.92641852006741,95.516419396758,85.71969771270457,28.296196414994537,65.10468991793127,92.42438919013959,84.99333097584709,28.0127914893617,0
0.0,52.09804262461016,90.45446921246166,49.2982926841938,92.34730064943426,145.06664840197237,59.92529986959314,82.6063579758934,82.26390582655495,26.114700854700857,0
0.0,92.27457620982787,79.139114160897,32.78774548641764,62.103229252649086,31.19807147285815,73.93132975718751,121.62202902532408,117.70240629681038,25.948521276595745,0
96.68171699193707,120.5051421201966,129.48057525938577,52.43572796288732,54.499604869810945,41.57540346646489,63.21299491408577,103.3111479547407,92.88531753056776,26.72562340425532,0
66.96823766016959,116.36975676497661,84.6259234375118,102.28648829130238,96.9513745402947,135.09259574972342,95.72609903523598,88.94991945622803,100.67188064050336,26.43855720338983,1
94.97632981736389,134.40784065302898,170.81557960783903,71.54190127167595,70.19793645174704,103.92297179864553,78.1354113123272,112.79209829702089,114.76545802465266,27.30051476793249,17
167.43567371566314,168.37310917688077,122.16502703248315,158.83858844403227,147.07734243228577,163.00836006649857,441.02644835060045,372.36508910773455,323.6533417717172,24.913780383795306,48
22.212357413673026,79.63712447317458,86.7999375303004,38.21939243369677,72.58366103527213,78.18696142344001,86.24563940296518,103.76088068319656,104.31839517044514,26.330819148936172,97
185.34544170028124,157.51731473728455,212.9212484399874,115.40207967431672,139.25229218076262,62.21592097834957,137.9691750110015,181.53601053535021,189.7886342679889,25.291727078891256,148
188.24796209639226,244.08125564246737,234.50993302822476,96.84182921123671,113.58759163443167,167.19365733263504,156.15974201461793,182.36985286721574,170.52283735644556,26.51926059322034,198
179.25841639166615,198.5844381702484,206.2313644367775,185.6434474459836,181.94614612886994,247.3662348712437,168.82270326296774,172.99080111035983,144.17197099222818,27.1151829787234,233
74.98061667370204,101.18668134661029,72.01924631217291,92.07467430873983,45.937957600722584,26.938568176086665,109.41920900986086,112.03791642272577,129.04649096600798,25.78,253
178.35428734450403,203.86276041818667,221.11554601037372,182.0474030471663,218.1160290469802,299.20985199906795,180.22637409456934,221.1433202668578,183.13982610613948,26.323745762711862,255
213.70999303712205,135.65514443525876,168.07633303063704,249.7603281758256,215.47869561278844,137.20505457445685,214.04607398270846,195.32199229609077,181.13204756440922,26.66963002114165,254
177.9618161621466,132.59195238632097,144.82482605127413,184.300056825896,108.16402690324796,75.7026708009039,207.21609484354292,198.90104507533852,164.81828654855943,26.47988034188034,246
212.9838092605331,170.10281542642426,136.33510260397003,331.98934911372635,180.23541078185679,195.39551999377863,377.816495475892,359.6448247705438,297.1191307142843,25.463913319238902,219
165.1580850587663,154.41304978872537,187.6665248789554,223.78066099091873,194.0563370905659,194.76582032199858,196.57318792642025,168.83429467722232,173.91006415712127,25.622407172995782,176
79.3924042372087,57.43484192154075,81.35319515417034,90.07884568812399,32.94052293337215,22.093110753993606,155.096236769764,139.19592058487592,112.90296443435956,27.056831196581197,125
129.5420034893388,94.02882433815418,112.22727118771694,187.23858561221937,117.24721206438488,128.22291264862696,77.4964143160648,86.46859062373134,47.404794391055354,27.106325581395353,74
152.90934518515007,157.62001234661102,114.41488080691805,84.99937843863849,97.26658060987897,67.90747294741293,89.57597008253089,109.12944740324322,108.9379160258547,23.52200641025641,31
84.24215990005656,103.14208706321719,111.04624897885552,79.4592039076715,48.535673862487116,74.90060328255285,135.09534505864642,85.74779689134947,94.46492741070652,29.82024312896406,8
38.60979191463647,22.256005931551005,62.03662363728732,89.94272461412311,76.48823075158651,104.62438107451437,58.04622671860784,90.82807328808337,46.691846765433404,25.447046218487394,0
81.45201856412201,149.92067826757383,105.3946210967471,109.9038883519643,88.90409276442855,79.71154617878777,70.96990978702772,95.16624144714406,88.33453696059927,26.94536830835118,0
55.17356438151533,89.23103569327336,75.43330857257595,111.45884949808894,164.94007218797583,127.04283056797601,97.81034222757371,124.49268167990965,146.4424698858139,24.734021276595747,0
141.29555842905816,89.8491585887577,121.41559029164077,240.76399229342613,208.00833773379344,163.51590427428192,435.4031273752331,310.9731115927324,342.12020813799995,19.244942430703627,0
86.72065932958706,149.78166944665665,109.82983076042035,69.46405120485583,70.7161005753223,43.78277263124291,104.43380259832537,73.28287459908736,70.20219995320798,27.156347547974413,1
0.0,44.03167885705535,56.415367360431084,54.757062900068995,53.03015922237634,60.74676541384936,97.94181889451059,132.4015689701502,133.03058396647978,26.65254430379747,18
235.37926933108494,153.43860636339454,164.90285092158226,227.76064479655383,186.4428320953734,173.14527959963888,179.0671164194195,145.77770137252105,183.96335980629453,27.19456623931624,57
165.78182397520308,153.90374838560126,137.69044748443727,22.559087470360495,59.98479168176268,84.77290590637901,95.55359359435398,100.22393785232872,90.97923451408356,26.745813559322038,108
225.50532451634513,148.02043246890685,146.03518516285078,289.1340419626281,172.38254159446,99.54210223345599,185.34119442311817,155.61022944903155,143.44736709984986,27.23419658119658,159
160.0046473660424,159.37384239234044,207.24800712433364,131.8547546233783,123.33261460832969,194.36111911400323,147.00460162639706,146.82347607341663,176.24471907836462,26.425002114164904,209
156.66670206206092,199.8939710117387,157.96270679826537,100.57169866370351,191.3013316834969,175.01774723703042,130.82349199993385,132.2334714248481,120.88654644667807,26.445277185501066,243
172.4604414320247,135.41774430130187,116.19207739113185,157.08462690681873,113.39171810143267,84.11680756688567,117.10038782529139,127.23624934054187,92.26309221597157,25.349063829787237,254
172.46787875848645,193.8293992832663,211.17969612292538,177.417213285697,209.9711077735862,236.52768968748586,91.33350495505267,95.04040924446457,196.59325996092596,25.93593418259023,255
90.86837949760996,66.92333534641769,45.294795176998804,76.79163742499742,78.0640022843845,76.88243522202646,69.70194392421564,86.34856135867611,77.29333619635898,25.788088794926004,255
123.07048469834868,96.3461717183163,152.69224658802563,64.7646346319532,75.77205915745633,106.33035374726873,91.07086825062513,105.31854407403418,94.18420316879545,26.310277542372884,252
227.27499321472501,186.6158590319299,161.20540910570725,332.9365812743742,324.367750939114,286.0072425155632,171.46854639222192,158.67206707921738,141.4006297530252,25.568660980810236,231
123.8911317375893,110.1924558222523,177.34533330242488,99.03712636796259,84.37289604043595,55.26793112975281,100.4927182244611,101.36362522135443,131.57168678122252,26.010566878980892,188
164.01530477766764,221.7135919432693,189.11569090726735,188.28565415350113,77.87638648121994,125.144517285333,134.23420430056993,146.47926283789485,160.28792579475024,26.25000631578947,137
0.0,86.7365837843794,62.239429543944674,14.210424911395272,63.28209728589287,60.13431465996477,51.84695103188093,50.94617555370062,71.08195651814049,26.860668789808916,86
106.62336308749781,114.59830317937755,109.67498309237047,134.9192092071982,158.0955881930933,119.47215259025391,121.4263502422136,91.67923818745496,88.80321600388022,26.032985074626865,37
57.34897086375364,122.37036150876587,125.96131724020651,140.83583693025477,208.81970397844964,145.15541491849893,71.56554214658497,100.59070472416944,106.44149769767736,25.888255319148936,8
0.0,32.349476815627916,87.76063295283402,38.76749155344836,60.67059565151684,37.26002611997553,69.75420770183372,80.12193512411605,133.80882237001674,25.575914712153516,0
81.40496883375243,60.02548054870046,61.10822300646329,75.49577199382236,138.14690841730422,84.90821390054778,98.24295234688431,93.86955483730371,92.7325756191704,27.576040169133194,0
2.5226835411373467,30.549052371504825,93.26494653653927,37.18873753674023,28.387061534078025,110.30694084045257,70.09434585399413,82.98683012316914,99.11717426186053,27.99860593220339,0
188.05461380479557,160.84712023280187,171.39760829934366,245.89185369397975,168.7312801232902,256.1106245885061,164.65694397308724,75.4545252736175,84.91113029541306,26.994982942430706,0
0.0,4.531618962476325,3.100911502830503,32.29271995343026,64.74519716710621,102.47850301756434,64.82372477182118,73.24705009887352,73.88788639781463,25.22129574468085,1
142.33649639101554,90.82653188940412,123.4438151956997,109.31148127724984,43.77976663043869,49.47589118810505,136.19522145912327,107.84102920028458,87.05686744982907,26.99864135021097,27
16.846585953359728,83.58778996543735,109.53027960100377,51.903644159135744,85.07702521176958,156.36960257795116,82.62804210090349,93.86890094446207,115.19128087943011,25.54990618336887,70
117.0048584273093,75.05392267960698,85.95314627588654,94.73506766460227,51.86457077003084,96.0816739116677,90.34574531173416,84.87001862589328,88.77619637964077,26.312717894736846,121
168.68590134375083,152.550683603603,144.09238871051969,203.61356876348194,103.38607442946612,65.09112192057125,266.1579732313435,277.26175642654,222.31208056111365,26.878440170940173,172
184.1114423052254,165.09478782637544,143.86235918385358,96.57774340608644,106.93639947255167,106.63484439074968,83.74432107860392,99.51196583424691,88.60777978362363,25.878915789473684,221
218.76585960362488,154.99659346416087,141.9136370700766,244.0914424699598,196.2384316519398,133.02352415722424,148.53652646191304,140.96271083331612,132.37465174978462,27.460457023060794,246
69.90260487276088,52.71233814425722,38.0251262222151,167.0732185526371,95.13535578463501,88.65781475245655,250.9470491827671,206.61881509457194,185.3653358533147,25.780025316455696,254
111.41827974116336,115.31368301928548,144.48961463320916,114.35363169918902,91.4322509912583,109.6901209612167,192.91302714083187,149.7392250644284,143.1597702837054,27.327286315789472,255
177.5540154459639,175.23484204191854,141.87594976257364,160.8103999530426,28.445499795902098,63.412514649402844,115.7558459267387,158.6531392684435,201.33225375290093,26.95148202959831,255
206.46360412791904,232.1511662298273,239.95631824947066,190.12887412833834,149.35680888168318,163.4333665528646,154.0920666555907,212.01138988202544,183.8435514056637,27.566626326963906,252
152.41916339350442,159.41075489977888,146.86185960466238,148.3756302175056,135.24781900734754,109.91744070241565,120.3425446602909,120.70099503764348,121.88530919616527,26.946250000000003,239
213.7889723646266,286.95683761001146,243.71150472818223,158.41117177962008,164.93668841372875,165.0067875945042,151.10161253092102,181.08855474645648,168.27686430939846,25.186407643312098,201
163.2480808050145,184.4390872158042,133.10655904257445,171.41136781647307,251.92171003523458,237.37448805149398,34.49644855901836,62.821560174481846,68.25968611180294,26.486407643312102,150
156.09574701314506,102.47549552887642,95.24282220209534,197.63622341337603,138.23216420365176,91.37313653850403,167.98771079256778,121.23901813658894,114.16743275823085,27.09289006342495,99
93.18289681201706,61.65278901140217,93.50321553940515,162.86537347968886,149.67884003899337,177.3259697238285,113.24286736516692,94.32468859376493,112.2144943205244,27.035586353944563,50
0.0,31.381692473303058,99.08019247061482,26.567345821338556,64.19264737565794,20.317210005043478,40.825407113423246,53.71987016509595,98.57288751961994,26.864771186440677,13
147.61912727299472,94.395135063581,92.5370700893751,34.92914551899417,18.15692084522479,96.44695582830497,70.49299463775544,77.44005518682883,79.79842034317626,26.97857415254237,0
154.25110615066538,121.2486770763901,126.48976593780931,126.11069404735942,98.23394959429615,79.9794337357773,67.5011806969084,86.43933125397616,118.65756023169831,26.487944086021507,0
113.4923109021868,175.19554250188412,172.14116484933612,179.36092980538407,203.96913091486138,238.29054470402312,71.4474425527146,112.73375243897772,118.69298719015556,25.438207627118643,0
14.518336010890629,52.0425495507677,77.55225339836349,37.256250816874754,56.32524801344626,20.946140415017666,63.108541088942594,76.18065053976665,80.03392065550005,23.917410256410253,0
166.61397308917486,154.48962633559645,147.10466917380856,242.46001078016337,241.13519939287272,142.476312397107,66.31847832883646,96.77947163026312,93.84618212538035,28.242,10
71.98480809410614,152.30556713214196,128.56506582298866,31.234870793916734,154.14429130043777,173.52100142230955,76.45962410052277,122.17553946295682,113.67027788198892,26.678293248945145,41
68.3113652840394,120.37149873106756,120.2678112097209,22.10255338518959,14.210332505494753,10.34617839341711,51.359640235041645,106.24749404132882,109.02477408818935,25.846836864406775,84
184.0463829253519,176.66854794210627,149.46239573616407,235.387900255661,259.5678134933622,222.20354359537552,384.0753402410327,388.70185509017654,325.57837169773507,25.011406382978723,134
149.57626574332906,181.48616706546906,163.9516509248343,200.25409444120166,128.70771141639327,149.30033771512532,164.69727743868717,153.69806491056534,142.16148866941572,26.424566239316235,185
201.7024282912754,219.53338284873755,209.15750898860355,247.8126781871401,243.57623297013004,254.2497064342428,248.89392053032887,260.4438841138321,224.14468715397598,25.869488222698077,226
207.33629837402427,220.45822431239165,183.85867370802742,278.9125305906658,261.3636686807308,304.52128172092665,150.6356846987879,145.80499216711308,150.47310937117905,25.700916844349678,246
192.70100496463954,219.59939238565988,197.23749716901315,278.2016092326537,313.2970930880328,269.6424717206729,214.58798509962648,265.4658279094974,218.39847161939196,24.612272727272725,254
212.40403736888038,268.51317859895136,278.6819613193742,175.3441436908377,322.7401086008764,316.9092389297511,225.53950359040917,293.6489174718055,324.53730131920076,30.341413502109706,255
131.48157608607553,180.37255404449897,167.61070773128003,100.70897158485013,187.68877021371404,162.24811619865412,114.808645180242,80.31032241038535,79.26357385597758,20.122317894736838,255
206.00247297705266,182.54198752999696,150.5621052614681,179.51464182911948,176.02666721192801,169.26968981583974,261.23261762627743,201.98745649164584,191.9533440802051,25.98651271186441,252
142.5855312146489,201.7194668653294,162.0002611063771,126.44178757892323,263.42682519386426,258.0883130514816,213.76344412552177,216.20016360631533,194.422179838779,30.198806794055198,240
193.79862562586496,158.52129607763257,120.04202501792227,122.02273879011281,140.26049579693253,151.94244274387478,104.13247038954793,116.66421583597155,115.04636000592589,29.15216631130064,211
94.69098683049124,78.81547025644007,55.50767146258752,160.43734958100197,228.25199717390345,235.45550561877977,173.28589726005265,154.36923438782483,122.32864648307165,13.932559322033898,164
180.27845481797596,171.12718583901818,124.96095967089649,187.76306954706928,198.07272084518902,162.99865278042566,373.62631794792173,292.98983276038473,245.06194404849379,20.15829700854701,113
172.94381689808628,115.62240953557692,140.3080215409643,27.628686062966036,10.307659142398624,47.971817373059395,85.96104730130475,77.68602821838358,85.06817266188015,31.39367377398721,64
142.21506005030523,97.87613752800927,70.89660355310818,81.28007201951401,98.9564125083393,74.81944927695697,92.49946513742903,81.88405718025409,104.88382804602291,28.70970253164557,26
225.2245395537857,190.2338643087702,138.31368800945077,232.98137362789024,146.53311632876967,127.27448736496743,195.26767456230667,162.71429507009594,147.0463764616852,22.25063113006396,4
111.93911441518367,127.22117034702428,144.56666632586715,113.56854131401069,124.5915128662509,52.22196885542661,128.11193902063926,151.02744000613288,133.51322969617308,30.728618644067794,0
160.46731460711126,102.10703660712532,104.36004833430003,122.3650673265627,130.37276566735352,129.74513829244438,96.64514517123152,80.13796276270293,72.83880075907527,33.78219017094017,0
0.0,54.482304513129904,75.2238357221815,18.313924956991496,71.8200906021286,95.16006205959357,103.67377825294716,145.28848928266459,118.60218090310687,15.097057692307692,7
194.47968722558997,124.62232301320412,91.1702039084889,191.794889205847,215.63906579239006,184.92008481728737,67.55908784201206,89.64170292737596,82.136100533307,24.91887737843552,26
124.74719022415408,167.58632754692994,183.91276013431317,211.78857256089404,217.3179104707783,208.76168780935728,136.71563135433863,186.38896905090684,177.8971657656772,32.165010683760684,58
166.5807913366489,206.4110527738884,149.8804132538407,174.75719069723644,188.2686485888074,170.04073050401246,131.98535138083096,154.74982865023728,133.99958768553694,32.672053418803415,100
24.97121883019295,15.340527477288353,68.6259245164824,49.73974281626645,55.616763340491204,57.80461989947631,68.79176474870573,109.34832437031936,98.10354917440294,23.91434541577825,151
119.39762945170277,179.93285116313146,218.3825654319861,108.31537912689133,220.74881461101464,77.42002564093369,121.95386404817191,123.72421749852589,138.5923012779547,26.955809322033897,194
96.0268478820706,62.59095913700829,109.05892034221712,76.88786332207866,62.29091610573014,56.99609309007103,88.85294785315882,106.8167510319511,108.82067717366579,29.20252866242038,226
178.43856912372536,216.0540079248022,201.99576371020714,136.67800836874113,222.08567406692265,198.3354384327458,180.03310821656308,226.73919656845908,200.69226164881772,31.221218947368424,246
254.5720335617499,162.57297349879278,177.09917068109837,420.777570864626,355.8301192466504,283.2886729266935,121.33397494603838,132.70742541038345,128.2450381790555,22.006036324786322,254
213.7551502491246,260.236647116047,228.05265743627305,249.58546438403567,372.23694459785867,334.31337098782234,174.94357816597233,295.6913417135185,267.8513254513484,27.706833333333336,255
161.54212432667086,142.50799104359274,186.14011422169148,194.831713902793,174.1296435713143,131.11213819701837,202.7804599773333,182.80383530532765,171.1820908545031,27.106849576271188,255
161.66593484547627,207.08774449112244,204.29529615644304,184.99437135446288,193.9582767925476,142.69958763251026,87.60869774965411,148.60668436722088,120.56241086921709,25.090805970149255,252
138.08876971028124,171.87270172741376,135.88758213869008,138.64611570843886,112.75397037751577,121.7973534861674,152.9738084205157,134.64320020618044,138.27527870672506,25.981934599156116,240
174.25083613295027,188.12160339627172,157.5900698365068,165.29430620119427,224.56824415083938,158.5140087443662,246.86993269470472,202.41445580656952,176.15221118223522,25.703408033826637,215
265.69668525993666,278.506242124689,229.97707903303672,355.87797330334337,397.1932045031062,422.3482945797275,251.53320837309298,235.71925527347443,188.43266174425105,29.127544680851063,178
171.46994383244424,150.63906756858066,108.28991355732475,148.61148706514214,175.22670288565357,168.19725056802918,115.34713989939243,63.16903380517654,73.49046739597014,26.200605543710022,131
74.81165658795935,80.44908788604803,57.94418533665195,78.85281480095189,82.95312757391382,99.17355262324631,32.49948874694031,45.038443215189,48.69581320629913,24.222912765957446,82
49.7693010048595,74.3571394205487,73.86400768077944,52.20894870645705,60.38642759637171,113.74817496776413,103.1138595105015,98.66307761756063,101.88531973551228,25.46051495726496,43
102.83729958070589,108.70014829120086,145.41172712727624,105.15564977286014,86.46753114670992,146.46229407981687,97.5804970538322,101.02667988347969,143.44142989667696,25.872639658848612,17
150.54136148959617,95.09325978092271,131.45300520072712,33.40535487777973,10.880397971032991,43.5355576448146,89.97218685940297,82.94923015600665,91.30392615960059,28.096569593147752,3
82.60424320526317,133.61003978160346,136.87764947712932,60.25049249743156,43.36217977372178,75.95521999064489,103.17285744654164,83.98678169861842,110.73832975165128,25.267778012684992,6
141.26775112812857,190.52660548400112,138.4918324634446,47.08120568841248,75.92639628512308,76.76988217259506,56.936436541046184,88.38208100924628,77.52920538857326,24.978368869936034,24
113.56057731200984,72.55490618377218,100.69557596978385,73.54931755163798,71.22125712377361,90.60096962064591,80.60940530816457,46.96790471474649,70.9404953367171,25.045294871794873,53
210.50080454352621,162.89205808232998,167.32452956180356,120.34785387438056,78.82301261546202,89.59213996385442,62.41689621439829,58.24335201971446,88.82543036855418,22.932622080679405,93
127.19537672929958,183.97511755607252,133.41998947047543,59.09649306598599,108.60949810032925,79.13750612250833,64.7390204258103,88.54300417910005,78.51701112589153,23.483949260042284,143
145.2500396908362,186.23391071781592,203.28627893345399,79.93382047389143,96.14322506562883,110.58736827236329,60.1970334291579,102.16624391622494,103.33093859525862,23.547876332622604,187
141.23497047013157,211.37711858630206,196.81201097069317,71.9712886922728,22.94711628465118,24.4423280796267,47.29546099263932,91.29108084998008,95.95594802267607,21.8133539445629,221
224.4420674800078,191.12239940578894,188.93176993470573,204.89049644347045,113.49979044503287,34.67128384263342,270.1238212061326,235.17274322718237,239.83783035966522,21.78994291754757,242
185.58284007059515,217.4735184648639,215.37535919105102,93.25480360961063,67.47674470063104,116.08907905079798,118.53826328924275,133.70291045105927,106.7769112335232,21.11790618336887,253
168.21899550816684,166.14609057086167,121.3891987069774,118.27211389596027,74.32179264730286,104.65533161827294,114.23472349399638,106.10595992918398,103.05684419621811,22.901438297872343,255
204.88346946510083,241.24351813791301,209.82426895079632,177.63517900447454,69.21904313038567,35.57593455701588,106.87536483065861,128.52613746176752,118.39771067255528,24.31390384615385,255
216.09534186323953,232.77531203374818,168.10648815427325,127.57386249577962,110.92239603837868,95.26275565848997,142.6275292227134,208.51888651028816,166.27005186239134,20.423303418803417,255
204.19671545353287,207.17402732239748,194.1282834742577,142.65177264205673,63.65478243516881,104.51335652841401,94.34671467512776,117.62912502120155,115.7551663754843,20.94127542372881,255
230.2873465537267,267.1014680497194,283.72600015459676,123.52651691009403,130.6628545781215,63.32629175196482,113.10744599237225,144.03825720804466,153.44761473175052,21.427466101694918,250
201.88706775416367,196.67299964148643,179.35530555069934,116.6629715590319,85.07016702136744,111.15329318028638,90.83974342924523,122.06199512671998,112.18288740963757,21.988277185501065,235
138.0088411511677,195.93111185125073,169.8670898893512,119.46445343901341,177.1631060306155,143.19809847267027,80.44268541042356,141.2910693023459,112.04151970521654,20.813372093023258,209
203.73026788059738,213.63409646740223,160.9484483395843,139.89826714845853,114.31905656611299,124.1498348495835,102.47569932872487,137.47878665348108,111.93076230680788,21.293831556503196,171
227.08980595999344,250.22628803711936,181.64962296109036,148.23402707471976,65.11337467060909,47.2121709749128,122.97809187296143,129.66737710221955,107.55074127975632,23.085605543710024,123
214.56088201334165,218.42022806576804,214.0554961938543,122.57946450239338,154.97383312749832,185.31134146669805,126.25417544615757,148.1460230649476,141.72022316454098,21.93844798301486,76
211.15856583843166,142.92921648434168,125.76337295554612,68.9146234950151,57.78774261430548,28.509327413704558,82.41401659004238,71.66118432587596,64.56854265792354,21.812008492569003,40
85.56623330391739,115.18413728465032,166.9894756421835,107.83124089920972,137.1403543885841,169.00379772024337,97.66981750198396,46.08249308347203,91.47931979276112,28.564448717948718,15
35.8543698309721,24.916081685966542,25.56642335765336,65.88603954151941,39.524250590047764,30.83485063347985,74.00564620059356,44.14592552431457,71.74561316409799,22.418886554621846,13
116.49894303556736,156.7504447565746,164.95226047671338,80.98872455632002,139.37884538261198,116.0765202462917,86.85080055323064,128.45759640169547,120.84306739149615,23.077514830508473,39
165.93922883499138,182.15079331740355,171.6514991460667,91.15748397604263,89.42491954922598,131.58371792003095,94.4427477583571,108.67155367310063,95.54430950910957,23.972251585623678,75
75.9939913608809,103.05076793252314,120.73841733688562,24.65424618892103,11.115416708526856,55.09247020441431,108.86861607691706,134.23898136291643,134.04837870978886,23.16127966101695,124
183.79884678779425,201.1113341033671,170.64564957054722,167.47981757342228,143.52844981805254,133.0754261041362,88.39191081823817,74.32111764589337,73.19316652384386,21.510455128205127,175
200.26278770641215,213.39205875286868,160.67172989083141,145.78047320370897,87.13349951278818,62.84750066507603,138.4724991404774,153.84355455893052,148.11727585444652,24.310773504273502,212
187.07627708742058,217.52041527371202,184.77231932494408,143.44709476042306,66.9914191132543,82.96013752566144,214.12433599487164,244.01901051032183,193.5573150941439,23.27303198294243,238
207.91794402813449,235.14405432991882,208.2869840849163,161.56869113578642,110.27838641722758,177.48973699489716,127.82472467208198,173.16422438705823,157.9179951962695,23.897680170575693,252
205.05164880334922,229.46744106313548,218.47154247098118,15.002729356183075,5.40061767381149,4.924758164442079,167.59466333505966,178.392780455394,193.0100475793964,22.336775641025643,255
161.93751885655362,103.31720745820667,93.14598292002651,63.25687496376197,26.9080317352736,19.11873328744548,385.05125473998675,308.67628053149394,290.3577075838509,21.448895299145295,255
179.64874122477073,211.4134720216755,158.97604053128975,164.07713027282108,79.50443667863756,111.50118432812505,135.33115974221818,131.74341555895896,114.0942644540442,21.656159914712152,255
249.32539145075162,236.17040778029332,171.32276553105257,264.0034094188672,185.31482106310912,201.90811598394527,180.5902532204771,160.04671657831972,148.77410724942789,21.20221748400853,255
289.77700936778683,219.20622586145305,201.4104946675881,205.46827196407764,185.59547711095638,177.6968816954693,192.4765730882938,159.77358205677453,169.2905156517637,23.613807692307695,255
39.31496438300309,52.84076272735272,49.61372332611228,112.49642440590274,67.02442764066926,63.57510844431926,120.48624822153606,76.30878207463293,83.35174847478146,30.818068376068375,254
146.54771609926362,201.76447983548474,157.04953616128205,69.81919261294954,115.86052557566855,120.73846934259537,76.83332170720973,113.3072536864092,111.61499203295794,23.017033684210528,247
98.17164830379146,131.60301088052677,120.38809690680637,113.02986769204226,167.88810439240424,142.8954671505991,354.920047192147,268.71005999382214,254.73211218662433,24.180715789473684,228
242.86611469441573,293.39738566238947,228.31633214249683,212.35190420980953,194.69434088772346,181.1725927201454,171.27801966569996,198.65446033332694,179.40826669104604,22.914861407249468,198
209.75266616280229,210.28934689702461,198.93640115173423,188.2827860496426,80.57069559341696,67.03328452099683,150.654058653666,192.9636106020767,181.40975011804474,22.912449790794984,154
135.11894581843126,90.5268842839984,86.78296143058152,30.132283238243886,97.42886466851215,81.72517339011807,46.89897218091829,54.8538776953993,67.99441891228689,24.414061965811968,103
81.8467065073184,52.30407076462669,37.12997480486411,105.12574849429694,72.16379015845911,56.782165277578564,163.4935725600206,135.9039694077043,127.26457486225551,24.89923417721519,59
110.56645390412602,87.63114494248158,78.40151853572031,42.90190537405628,23.335712662231135,24.159123766126164,102.09121380495826,50.63111824130664,61.99573405249973,23.627541935483872,27
30.37814256917614,50.52188827874534,108.63649579045459,77.774598191469,45.101444227772056,186.48953188110607,41.81994218567077,103.6087166302954,177.4048881593509,23.255317697228147,13
148.71673515252718,154.17195531273134,167.53100408501132,172.50222578767222,124.248278744198,70.952633080229,55.62879248402771,99.99522256954617,145.42566586120276,23.934123931623937,39
127.82498949489442,181.61550496915606,189.00002284828187,66.85244208251041,103.20948831774342,127.22892013343545,135.37347557596715,201.22142473641014,167.04228437185395,26.52856929637527,78
134.08228375695975,189.61226983148356,199.63720170864792,83.30274665895271,83.97464595762506,66.65907705801484,132.3287950684554,146.14944788619886,141.00680299003622,26.557731343283585,128
123.64288554745613,141.49442139442212,110.37630997494276,121.40040615892309,133.9363423503547,136.94742215624464,118.86058381776972,137.38725621634305,130.7212277502458,29.11535683760684,179
157.13222051628685,173.09603775723966,152.82928956222335,58.211360774046966,39.17533775233957,89.15039743926883,78.64691022621385,83.590795653352,91.21402328900494,27.45674946921444,216
172.30009297006293,240.7913423262634,211.58383897060307,172.82477957484022,134.36327629971586,179.72372026304373,197.1628511688875,218.3289034221012,198.9601182662207,28.191213219616206,242
242.16568223828915,213.33129537135932,221.92664174380596,400.4252884124344,301.7771033347057,236.479724556373,506.36045381337107,339.02791356508806,330.1280957258161,21.88556050955414,253
176.24005833361517,198.85282968344208,144.79422426801776,156.9679612563194,155.45711368818974,158.15527396940558,111.755295632209,110.85266617364965,96.11544313093303,28.48584221748401,255
181.50942209984066,193.386424264691,214.79098176051195,174.60045978323086,153.69521007257717,157.598342566418,134.10017809469394,117.12610389756664,90.58783351626627,28.347402985074627,255
154.04600782247005,139.94250435734043,145.44488404217097,144.3875155678622,127.38880223248731,153.40639638321213,138.11164120324608,125.83148799265103,118.50881841531731,29.259320512820512,255
193.56798006371918,191.97988893497842,138.11973785674957,182.48794616822775,186.13347440229037,174.302517861514,175.3093463527715,161.93395622199088,140.15531496119328,28.97998510638298,255
214.78339700334604,151.81162375926274,174.86337173871004,190.96356548630106,129.8470077977372,109.4816642926738,159.80886748679941,170.6657001316172,160.44770386903738,29.02423991507431,255
212.17794394910368,134.49312050371867,121.72477426863708,244.5638034035012,188.61601511877538,152.3285461633683,237.86287900805286,159.55219579055614,139.25165662973725,27.68106609808102,255
112.00436861914059,106.49074418834135,106.51033426147914,121.39673861114854,62.785491761291865,31.18305702256201,236.03987135116344,190.63613462468817,179.4123165521545,26.67223899371069,250
150.77648290454115,183.67779694462146,212.78401030069796,83.56612842862782,12.112483278466533,55.93292317792754,134.0294941390715,113.50426304585429,126.95724664579235,26.34447357293869,232
112.93692411008414,88.43359651380591,96.82749081124543,149.97894531465266,127.90909617292121,165.66850365835236,194.10993905436086,109.884002942481,120.94274074751614,30.107195744680855,202
183.55336295080997,173.7373622899306,173.0786546460059,90.28118326820612,25.38560621946474,45.03050342273815,67.97690831380172,76.80724259779224,89.22733103579205,28.633489451476787,157
193.8826315250726,174.77086643638256,127.05771290122496,204.6891673191457,163.9646532211007,156.57167425488493,114.26994230477392,85.48734970471345,73.47097732481937,27.413052966101695,106
122.66209281152969,192.43268653135198,176.9378169810333,98.99358514972515,129.73923740017207,72.16600649289099,124.77116158886189,100.47291391384165,93.76900521838877,25.505694267515924,60
22.78483517708457,30.379849670066022,63.1551741704863,71.58610621811948,125.19513508352601,95.46607999875725,51.107712650492616,55.87240998410137,74.5244521376617,25.614730526315793,27
96.93132694709583,133.01657453998428,122.76804660972944,73.6204943183895,111.52439298047832,160.31760440021296,91.60074287941163,135.6091007733908,105.54983475974129,27.46686538461538,13
81.38783231354358,93.77948005557275,67.66897742211806,37.9247419040502,82.05384828424785,51.35712165982088,59.576564863021375,78.74205841427727,76.40782000770592,28.489303609341825,42
178.99174494536558,195.72478379518262,165.7497876848512,100.57421509295546,128.0292873406995,110.50463247158862,132.53908288471283,107.37657329940146,103.18923178804664,26.8884388185654,83
42.088318205169436,155.08289708494618,112.57544206810034,39.454744867628115,121.24178076793616,99.05175040556462,102.92467937967562,175.4787017377137,136.58240752767455,26.957670190274843,133
152.6476251421117,187.15052036884163,137.22727654668955,116.58644699452124,140.17892505095037,116.32791987542815,138.23894821411753,151.33625369194806,125.79552915232777,27.418230932203386,184
119.75212368433357,196.37846156125252,227.58045577199618,134.1224339709659,175.6204785389911,122.27086565524046,106.2222972365135,128.12996943898077,127.8113520980559,26.427966244725738,221
172.6080061318137,158.03288218045031,161.1381729378445,165.61634137571542,155.3313481258792,157.44852700839252,120.30841143732349,127.0899435398645,129.44742327951369,26.486672340425528,244
112.61963587899234,93.21026049394995,120.40979923422451,117.85228085435422,158.51599694966475,139.00528343288218,97.250132961474,104.26918808642117,118.85466981882463,26.23781623931624,253
143.92733444194954,196.0010750356526,182.8530914246258,165.4518811450112,215.15297499756306,213.9997049921684,103.18095757428266,130.45669243974882,113.72508312694251,26.498634615384617,255
234.08312125725996,238.49562590984098,263.9728050105606,236.2686981005186,157.08564070833606,95.78113851891466,155.0991640645218,161.62674191616512,138.10339469116818,26.39430982905983,255
220.53051580334824,204.650673265292,149.9733018466049,233.27936813837047,149.05137102262273,186.1736665459658,153.6198981013129,121.95132908602267,116.39648377107349,25.074502136752137,255
166.73730980642708,123.8395330176547,86.43054584766399,194.52091403922384,173.08599923746348,157.90765200572181,177.74743723158767,136.8638408875997,130.68891433699625,26.599987341772152,255
191.0620729312072,165.77096886719883,132.46136263655353,215.3441247278842,109.37944705044141,136.29626251889198,156.97332853067175,201.28582774159463,182.9248802061437,25.55650641025641,255
233.06009336904762,188.32973332319378,148.4346183336125,232.52626759817647,205.80507388279474,165.85227469861934,131.47970030614778,124.46368600854436,121.11863272915825,26.424432835820898,255
156.96274913790904,100.01036952871935,85.26941573631107,183.5031281030454,155.4165383989408,137.09338948218542,105.4612895185936,55.40264583369043,58.8224043030017,25.823596153846154,250
203.71712679861852,170.8946608332299,145.62611806775064,296.4296159719391,351.059156321733,301.15599133480134,464.30807707215337,357.8871339841355,329.6663465313552,24.470959745762713,236
207.82586648032424,131.42799751491484,118.07253265317873,44.350788164429346,55.87463001553481,64.93231349650222,144.34255602324737,151.1112037156634,159.94850496201596,26.96259282700422,206
218.3999184488845,205.9352154286413,194.59477100444684,139.46744146840658,137.17038927735283,185.76010331034317,200.77545170807088,185.01774007084254,171.52466696913993,25.509044680851066,162
89.02737232989918,104.727240039116,75.38974999270648,80.70576481478614,141.307272046504,119.85571141141136,93.10578376899106,96.32471395848341,99.97185995798627,26.17874840085288,111
147.5769874868695,114.6275783031692,137.55325514777502,69.12004227453744,94.1475830248944,3.190494542358196,145.35944696927186,132.90822045702265,128.8610491852727,26.701341101694915,64
122.97058378995357,112.46144143335458,126.16781317414788,84.74202263212605,161.35617661218257,117.98806813724948,90.02129485088552,109.40142392918357,180.35890501219936,25.876802150537635,28
110.32444472973972,100.52061539211353,144.0651907621175,22.275817018790693,43.20314341727595,52.39916775930391,63.08827780203218,117.79696489666951,97.10333373544003,26.103464135021095,17
0.0,63.203712446088176,99.86633474677566,79.04639228629439,63.776591693105004,60.60686228114029,68.92430894667568,85.90336224123459,115.13688358340325,29.220167728237794,48
87.50470194626317,68.02051391120332,48.748346189376925,137.60674127210126,79.38826466043281,73.65343536819306,105.43765210405667,98.41421035733416,104.38291432992766,29.67651906779661,89
191.79358289383617,122.0676932863217,118.3402924213895,147.86517099314688,96.54026422708529,47.86337073011984,129.05930485962085,138.58578397017362,155.55313827647728,28.70102966101695,139
103.55280797911655,118.68201382949796,116.13818256607104,167.7630399712133,117.49093433682674,157.1055704443524,109.37010867377995,118.29874722506867,112.11995741880158,31.23747435897436,190
145.63920256398876,194.77629207610735,198.73680875086768,136.48004970470106,206.69042130857136,133.1950181260284,149.8619581842452,174.28368506228853,177.71341658904038,30.292027484143766,224
141.72428260785853,124.26121428330471,155.34209014209532,103.29072430293087,51.26605978943666,82.04369556296791,79.80374228003006,74.05918285070354,93.89142943970906,30.52643923240938,244
149.84647788169164,127.79176864745942,179.07550668963134,175.48109587466152,144.98830234670504,191.62811997991244,132.76140699159876,92.4861159763536,128.43513339726968,29.64668656716418,253
172.75391286491404,152.09814768863296,160.20182896915392,133.70691294228718,71.0338015421971,51.312523626158765,149.0718409011262,114.3165164096511,115.20075493594628,29.725767295597482,255
153.88525255373776,203.77110610927366,187.2207926050007,79.63005635562959,186.73706420346818,150.68814671308533,110.93768191774092,125.71548996962031,128.08922236832507,27.575508438818567,255
213.89455302460254,170.3297539611932,168.4969242807478,159.27442173427082,131.8153864247421,146.906704858763,175.30441464226772,154.86517701159704,149.09429289076644,28.334798728813563,255
178.1872877680828,113.6242751106111,107.2488483684054,173.4795597908709,165.74322619323343,210.9143009068686,331.61074768717106,269.2263589336142,233.16644106042642,27.518643923240937,255
184.97118818615778,127.94346755610889,140.26018715156692,186.0978005132329,169.65366952055479,218.80249737375257,205.89261007635116,149.47012066900763,157.55332717573432,27.477307692307694,255
249.27075930115504,219.84370004336407,166.65180025854602,230.97825735760324,135.8047729878753,164.3196930617377,207.69845833679838,131.2368866781121,105.48594704981724,28.841989316239314,255
193.74627066433015,219.76903510619002,194.61764908894875,212.80486429813692,190.39595158808655,125.63014154791203,227.57391204726756,209.58370228581077,189.20488544941855,28.679782978723402,250
186.21427668707202,224.61926201559555,214.70732299702456,163.6080243445498,258.2677322833455,208.37768245167717,122.83699486295885,141.60250388708852,143.17654345865375,27.30436305732484,236
196.65969099065214,124.24250825221665,131.50175737605565,186.02669394053612,157.86480285641187,202.9183881983326,118.30176365905314,100.26853855637911,115.53713829592377,27.693112526539277,211
114.36725590603847,84.07322121453326,97.12013714964698,80.13628348536406,80.60613576784301,90.35592326332235,71.46455728008743,65.6111945641768,74.04722733312659,27.962600000000002,168
199.91058034850235,126.84753582120291,125.71886775365631,204.11533835291843,128.04131236593165,149.0782917578092,381.4579179016066,296.02951505048986,283.54408457375223,26.15939361702128,117
126.29080720750198,100.82676231332258,150.95303118316917,55.04686160931854,36.47880027894182,136.0837826616233,41.56372968215005,98.08509008103265,134.55166330422145,25.70616842105263,70
79.18221484573579,78.79119633355526,66.91318631812723,58.24603647741624,57.75228244375839,100.21892294638818,48.698572824688426,50.42702924975552,69.50509525373143,28.52084042553192,34
1.589674943683489,25.669843110775844,71.74344155490849,41.49804654097993,72.97400492617557,60.81144447861339,52.74995992847086,71.73760328200062,88.53686449342065,27.11421794871795,25
132.07026398695623,101.79037215323596,97.39568277057117,141.30759125034032,175.67129224269183,138.847670224175,120.51093570507858,108.34832333847345,93.39694352903764,28.2129577167019,56
97.73019399208668,79.20776545361687,103.20354023246041,95.14919472518083,133.43547808523815,183.81858963623722,100.6020429914783,128.11400012871712,142.23984573820198,27.27015923566879,97
148.47788953756915,136.07255674787194,160.25683858213145,81.21718382379593,153.036721392605,210.28725991858735,131.04364400666867,138.88247572387317,151.84598945653462,26.925217484008527,147
123.04302799769121,108.87998716086106,127.0684421423801,63.7055807501642,22.032663830211025,40.87018719523101,107.2662526059147,107.79729169991374,104.49192083913583,27.345816067653278,194
123.77990551741964,80.56650953563437,105.19768562294232,156.24896682642168,141.43242158003324,127.24397628192156,116.18639493576755,103.28849619712382,120.87613820503309,27.441630801687765,224
126.16291611751484,113.81050816221075,81.3397247111662,102.23145845773259,64.21596030496057,114.68788595714409,78.59258619918612,92.28039334083684,80.7043955348455,26.96917735042735,244
128.15138521191076,161.02143776302358,120.49071174448476,142.8692154425225,169.61571805294236,146.07096908482674,105.57164804976362,119.5986056068137,117.11665294225266,31.9637,253
171.72228002998386,148.07223443569526,108.1008886088652,151.09874005329476,164.7593596776242,126.94931044487058,120.90521325227552,138.33429915182444,129.80129237677352,27.137441613588113,255
190.75459331720845,135.68869611283137,140.49124154015672,194.76015041429073,197.7017504650717,124.76052005104025,220.23317891986773,163.57388083121424,151.0026515337742,27.726872068230275,255
167.74838701551343,172.74147381080115,160.1249050686963,164.79445041783342,170.66800816568812,119.32497189142532,228.70813769632312,133.56234295724693,92.91083188090951,28.15824735729387,255
181.10338582165173,122.51062834934112,97.84924095029773,217.76527017721472,116.24230163093041,130.10572836849198,179.54930147673306,177.50033870860085,126.63032585021446,25.94537659574468,255
186.5464353212094,118.73768633507895,134.14416197945937,109.14087465996322,118.18036391899841,135.00654222700572,82.12095200488585,84.36916797018355,135.14120346742638,27.662408421052632,255
196.45724699769323,206.38306039332147,185.86738439009812,215.99767546444437,131.91901560502473,101.2985707804399,171.9149012113462,155.7904962502901,169.77744148454912,27.579570212765958,255
178.63960242922536,188.96146472715776,138.72354144105768,204.3422714419226,148.93323346077057,107.1092003925804,159.8022385010676,141.6994600278803,139.51929799108785,26.77033823529412,250
141.48988337266755,131.1682442288064,179.943850326191,121.12939764042478,97.36654879255319,60.293530441993795,184.41631543845864,182.38153961299005,122.63888953448179,27.090794055201698,236
262.5715400398992,223.48735576050382,207.52786986483832,352.5322030099983,224.10499112403218,186.2303818968831,239.5048252490732,214.50850583957188,159.1321740019841,26.55376645435244,212
122.62620357733675,109.12158319309064,96.84677797204725,86.02014358221555,66.00265856814431,51.97294244677149,127.78633879646804,133.99413052791272,122.24270807028724,27.385482905982904,174
103.32193672433264,154.21155147157,159.03350065790622,127.67329278228338,213.04399966384804,260.30641399090655,110.08998002297744,138.15768047437805,135.53491655111722,27.799900212314228,123
103.23333627742208,65.0596789056183,53.51461145511784,92.82369953196958,48.89142236621142,61.460221297458396,63.12339124877091,69.62311594117455,78.43582853655015,27.377953290870487,77
90.20600802954104,64.2614026593685,47.191460713461474,82.66068236833264,60.560656998974096,27.37017575887576,198.71770616550262,171.73684776001738,145.06313001544405,25.87782543103448,40
34.575041282032245,19.141079597671332,70.35947388531082,105.97932045028979,86.75560722626952,79.01436956807377,66.13122286098874,65.51913808790242,104.53456058848045,26.10134533898305,42
200.41968704878096,127.4800800971907,129.69245962621943,155.42695769877255,165.03655339117086,152.82514516312122,264.4219943508322,205.22822753922014,161.82945304800523,23.914475789473684,75
136.1526166040744,179.4059175145409,190.55093166404737,149.17210044163738,213.0542620243996,136.22559486337718,102.60749302215312,112.70271047079022,114.65824293756191,27.68502947368421,119
107.32925590135605,90.77636870721791,62.900414025124,69.61259236400856,143.02090972474906,137.7594032877958,73.82848977806724,84.4586866115257,84.79076922336851,27.456300211416494,166
173.95385969185,181.90138336906645,211.41019002573074,55.48316544212194,130.73516068589817,202.2481403345704,133.8237925655605,133.87008231080978,140.56491656518546,28.688599576271187,203
205.9912974059603,244.2212786138908,208.0255255782934,207.35291404342212,260.76751422510847,232.666318650527,157.33518762710128,179.75573550767197,114.9365818159151,28.56288059701492,230
216.9873947447229,194.2475235349471,152.22065014675044,244.65683618387655,226.5143454502413,209.32627011718102,287.3053200789713,275.2120112891517,237.41055698968236,28.117989429175477,247
160.78968516911377,165.914115902358,136.04602534062,193.33594618109265,231.95687701407292,236.75660425072113,200.33051880230403,117.00514402782447,104.64938393544611,26.87421108742004,254
218.57315669608624,172.5524034776082,195.06769023476207,273.9130414274971,232.1158092917349,264.991541381144,192.41548356926143,164.30330520098283,263.9610164156444,28.02030508474576,255
181.68899477885296,207.2264933684384,192.82879999203868,184.2835040346718,254.20099177535252,172.73834741782355,203.30979230786127,233.19975565076314,172.84497544697638,27.716146186440675,255
208.13725993464558,255.34007528950394,226.98190640763883,192.0804696882164,252.7147335116144,218.36561065966058,131.88802982026343,122.61991623837214,144.43228996456708,27.24174894514768,255
138.99297822789293,109.12065743919385,124.51702861759804,111.33531104773965,142.59876451967054,73.42009013868137,217.52903588060803,143.53304793256515,102.4367413412396,26.663862869198315,255
193.82704891808513,173.77618146949663,123.57968185978098,115.0175711856424,185.83871343443136,174.38740430836214,242.64129963671496,144.30526050261685,111.61578645381418,26.67365744680851,255
207.4571528529078,134.90819159902892,109.9083163343557,300.95602004741284,224.4540744268939,183.1035697011431,224.41362421082312,148.45416211734985,136.03689894351527,26.916113684210522,255
134.83592570050564,123.3052704316751,120.12480385470573,163.20380241624457,187.88384026597382,148.01423196643563,245.1433574265624,177.61666884699216,169.276242229781,26.978350951374203,252
126.83852710822939,163.3379092366653,130.83718358298262,187.09969068860494,168.4258236513964,195.63560640347805,168.4483023806685,164.0822797315594,151.1728826895732,26.59520682302772,240
227.58410981906633,235.19058509606612,174.46502060285462,246.86659715946422,222.0973524675522,280.7402593782489,202.86525024151436,223.14185597853265,194.27239651704912,27.27385042735043,219
138.75634086274323,92.92869590798674,124.84858546362823,105.78803823336922,100.66832921402496,152.97450979323534,135.6516066195875,123.14560393800126,96.96995263429652,27.35628846153846,187
215.18384838771448,227.20409391567333,193.80541715096805,282.1006517642166,275.70928369357,243.83900034869367,115.58015619267708,208.13197938118014,195.02514400276843,27.867441364605547,145
76.98548322530569,137.28203668388082,129.3939813499585,103.68786808843879,139.95837425909937,156.95925574389204,133.76572741902734,137.76853794809276,122.18906465696186,27.327123404255317,98
94.44361185599301,95.97475921729112,102.44828051009878,99.52065030620113,166.2053616854374,111.1687226959893,74.5672395447535,80.62088062610138,77.3563586429508,26.951482029598306,58
88.86718390176068,145.93136297693505,164.3024761503108,83.30202843249225,28.60005087807672,69.62497802171538,94.67922331134774,148.1543478920188,153.29483011997334,26.407548728813556,59
95.15837758558213,117.34536246027129,146.03227213936123,126.57538208981894,148.15028300513254,93.43851121665067,88.86273693759527,107.47312142488909,137.31047453862482,27.006445628997866,99
81.86328694092275,86.09075975542895,109.21559931096796,114.60953930186544,136.05534369994493,169.63910972730224,92.16411740542489,112.0244392566876,140.95622642964307,27.226100213219617,147
98.76738837068775,123.11747537065781,146.82460144819277,102.5962013373687,108.57032902683765,110.66137276672868,46.20745839325149,83.07029983417826,69.86491336378214,26.801324093816632,186
165.67671499902167,196.4533910294312,183.30328550182733,172.79742603096042,190.55619386276265,221.31478430873617,145.48912368724342,148.5503289059784,133.78988801858006,27.04285714285714,213
71.45855271099877,113.2583745150726,114.97093221532933,92.32664313833267,123.74024618892986,171.0564450117302,93.7172838820101,127.86843212697991,116.3535965000338,27.48980982905983,229
139.16273066456517,137.33908564952867,121.16463329413962,150.92398492581427,201.4546313504825,206.00540349822174,167.37093428637704,207.81920628229292,147.2730154604423,26.862689217758984,236
147.46321479223496,142.65530120061248,130.08301097042576,182.93106069843643,245.69141163413806,188.87891645487323,141.90049720966846,135.33548695514295,132.16950893941876,25.608677350427353,237
202.31279146790916,129.40623896635057,121.2886692111897,230.30220271431156,191.16875113072993,163.33441761466102,132.97244536679605,115.3576746503361,124.19867156420918,27.396414376321356,237
133.7379162230082,159.1687076300374,167.19817687754585,112.06111702711905,102.9838447384486,179.3023763528155,163.90097733296534,132.1742676364544,104.64749077801821,23.930989361702128,237
233.96315463210905,150.00946700403605,131.50757714158803,230.75579936551168,264.7044302285493,311.57845355212714,180.26339133377627,133.06269369774594,170.04584438941498,29.61484355179704,237
204.64853395906172,157.92570681023813,122.65273217797758,244.38244220267396,266.1194734073496,201.93737841454535,245.9994970203438,189.35265797203576,149.4942276667315,26.692355319148934,237
147.87552983602592,138.3753997072002,99.69759406340833,152.00149006909592,201.03136710991527,168.76356615184713,194.71220643373343,188.18371693943408,179.74563103359296,26.253944680851063,237
221.90951741000373,146.62265652585222,122.0147771195,251.3529098913294,216.47708684425194,184.03897517968602,169.41818705670764,139.86741807722282,135.61550332718207,27.11622765957447,237
158.01791206018345,164.3339618814595,167.37926789534717,228.9180905658692,206.72619112453478,194.94573725443524,188.44092042284578,248.57628073352663,207.55096686858684,21.493643459915614,237
126.13001232027315,99.78339268981499,89.74522450230452,187.0877792285113,113.62458969220275,137.35339930497702,146.07281550566915,175.3163090986448,150.57731393206757,25.091084033613445,235
150.17012567740514,177.50435490078544,157.27391846314765,84.28956735976084,147.78977558268687,94.9865365401318,181.92654108078315,196.49360140995208,164.4176660259734,26.435317124735732,223
202.7070415008588,172.76605476236065,157.0730356649091,96.89368469547826,172.39089839097682,179.3411331774196,129.49935614225348,142.80243917399432,270.15103124937417,26.97545338983051,202
151.17818401979116,94.95319940195789,116.39721364266063,200.96637001732316,193.4841741944915,245.6904499803001,151.20865645995048,143.6567478023019,131.51909623430896,25.565895299145296,170
134.42692838939763,180.9016751597783,143.6998010592764,49.54073282736626,76.54771323770458,41.26625937805977,88.47692388967695,97.00130856034009,104.36309983054853,25.178236673773988,124
183.33296983739118,114.4345624498373,115.4794052492131,271.73105548386593,200.40716092181407,175.35427973982928,182.29221526550126,167.1568919033901,130.429154302753,26.515230107526882,79
82.71679227838466,52.85313138049105,88.41294406531782,106.18420463169134,158.8731033043359,184.97092896053786,58.872838546768584,108.28289213955956,105.62099644731435,27.32098305084746,59
103.75308373056858,137.54817738468844,98.55298283346417,85.95786996594452,157.89953978822993,146.0157581805734,56.063277285873525,68.7910822429077,80.21890400270857,27.429424947145876,96
62.7384421116277,105.76078851771504,83.8250474194041,58.075485831395746,62.318927445854555,58.0355597985284,104.40081847035937,65.24974502551716,104.62801011238471,27.452366525423727,133
183.22866173534007,130.5234428250924,94.47738961308535,216.5334434741664,145.9570462186628,140.7749972369503,254.20869442913397,129.4215580564566,112.57673527874701,26.436225738396626,163
204.38226602517403,169.42032286414565,176.8759952282425,145.2334266406117,120.95213991114086,95.4000219377509,184.08218006154087,165.6641591608112,151.25019838319503,26.800296375266523,179
227.71691042072717,182.55558967052866,173.4428168927689,134.9676451278897,139.88535693662845,122.7805323147787,139.97951344721668,156.19445815602694,161.07976784026823,27.67789618644068,185
171.230655598393,177.23634660645678,164.81366777636956,112.57034707141673,25.512447087699535,35.5274243069999,149.19148169507366,150.8229859809718,121.84543571392965,26.414657505285412,186
143.75471503374797,143.1951531192828,113.46305856569732,151.7601853063177,196.98747502705038,157.31530172323062,190.08373685649974,205.18703681065776,175.94188117017148,27.234567510548523,188
170.048157935701,134.74464419212785,126.47015401975811,156.76178340313345,126.38597478024869,149.13346308740068,113.78559063231539,130.0130494367934,88.45041862681268,27.074115138592756,189
147.63214272858886,129.92787127563972,127.29583385886984,129.41295157509342,130.06381872780335,177.62541593020433,116.15917660395029,113.91174818521976,131.80098958757017,26.467127931769724,191
191.45333828187415,187.93441541159797,167.38788613811872,187.89720702585578,142.9677926353747,191.62171018881773,71.6632628781404,107.00922379176242,112.0287203731155,27.40195106382979,192
203.6706120167781,188.71203918058134,203.68528395261384,176.4084416448146,189.83023240425004,81.39115471760871,135.83132556753904,121.30233774517251,128.86772164351723,27.711768421052632,192
183.56424081765482,119.28155960106616,161.21317735395056,199.16101952470743,235.55450492510798,198.2517093852452,231.51544821710306,234.663088078674,206.71693525874986,26.342530526315787,190
182.71082610182228,196.58993600557093,142.93990234238413,179.44579230706572,209.1816069110554,176.9276049051442,212.70815173724546,181.21574231940582,157.84176876121538,26.400352441613585,189
194.20590856075066,123.92071505766326,136.54985419433262,138.50302499817127,94.4033880012814,77.23288679342411,137.90320164277597,114.28961717033519,108.4275069781818,27.56614406779661,187
143.2227331098224,98.7514128790537,94.25907879369247,91.11524007561533,33.39280232405697,46.52392356584234,141.35917476860047,113.0201050884459,119.21416841717705,27.419112050739958,186
195.81445149225334,202.0752472785016,175.24617524506115,238.13629337316883,300.5560339908363,273.0672735202954,214.97617651134806,231.9784668434002,189.3038199425704,27.4283911205074,184
152.22622927263671,130.1869321035161,163.78179933156974,184.44416125246693,179.076867589575,170.97022714936037,228.90034460699192,178.84271674182796,171.69918389543176,26.415908704883233,173
125.1425400687709,94.90855034583849,128.57830099880863,98.02154470738114,56.06128394219691,63.388546071292275,108.23039609372864,106.462479344787,108.99072435478924,26.957722222222223,151
153.31864119103145,175.14175114630018,127.72622638298803,115.1760023038169,125.55294621839307,156.8896641337885,62.174937579662995,112.8001525585831,154.78961597049977,26.919475687103596,115
61.199799251454166,37.99140225207728,57.73886624172257,51.70280598015339,34.11344769772013,70.54741986982934,47.28298417200011,57.50850787312476,70.98639930349725,26.60927966101695,78
142.92136535731092,131.72390188140687,96.27726029711994,69.650432222239,85.92728822816846,61.19339477303305,136.1482574929971,120.91637407648717,119.20964341559234,28.034188959660295,55
87.16291194914076,143.49932283117997,160.14597396484493,128.90585882676024,126.66838226241288,165.20986078240844,99.11191967361188,134.92614896719041,127.59226536864401,26.846104033970274,82
165.43153191882755,104.90737833869153,82.20878077623313,188.2557006099968,188.69054789983394,203.92316513495493,211.19963358493044,151.89570422608855,174.6010613966846,26.225037974683545,109
116.12235814469985,141.84405261083165,195.2763630591779,59.742341869781725,58.29486540356051,89.76318483831774,65.04443011407388,75.08267621629162,101.15176426466633,25.83520042643923,128
176.43699019095655,218.76825406758425,159.87636681907142,205.95648457757343,167.74579487361737,159.13341386205926,113.12974298847442,120.92728822546978,110.995312037754,26.409608050847456,135
106.84830824182546,85.66716291437787,79.81217548032645,92.93491240305657,66.5419574152842,17.03375201703344,90.21481192580485,89.39054529280818,98.41615402823048,25.75554989384289,135
0.0,0.0,55.12601433754216,81.39672146115693,78.0514778049657,154.24656384079265,51.74858421866594,54.32214600307246,67.57899000314357,26.16001279317698,138
135.8053259139969,126.96930279055675,105.62164881583323,174.198369948135,143.74716259091434,164.22199164074084,114.75564023113247,110.15126708624449,110.43107083905498,25.84455863539446,150
0.0,0.012917743490703527,74.19078386928734,48.406653486318945,85.06671262014515,94.99334245988686,59.02659627939518,62.40486138064693,111.31998472207808,27.385321276595743,162
103.44506675227224,149.17810056119663,188.06566599106057,56.99868700629634,109.40412931135577,162.3875306928691,67.81826129970568,128.19654206054307,74.42545142629169,26.422368869936037,173
162.33898223107988,150.11789507674214,160.31900742425086,47.350911847827,64.2354807481556,43.356474526244575,37.142816211133486,63.1372838755057,96.82050163315344,26.742141350210975,185
73.87218395284933,57.537360246310946,107.32916792420167,164.8153754167408,198.79622390213578,301.3264807599882,62.30636699416257,119.4334489221295,93.5733388936005,32.20068855932203,182
37.97574077630375,79.61106652331733,96.04925867371058,46.69051400231674,57.613734741344736,21.261130495926185,69.65116658784834,85.36219613534594,100.81670511663822,25.76304661016949,170
9.405951584817787,37.531788298687815,70.4925631642378,68.39080757222958,74.3305395002116,125.71982042652566,90.84470510253114,101.51684791229452,108.7198439916218,26.252675906183367,158
0.0,11.658217061178101,32.55282306044886,31.357871458345926,41.285266087032035,59.96807949773665,49.34116477055668,87.92382456176092,96.72370587124333,26.236059196617333,146
92.65788291954826,76.54243786243435,67.13328298605703,95.73161712416294,104.91667485661323,106.5644217170698,146.58420816651858,104.97937993924167,85.18441931771024,27.058903846153843,135
139.48901930843908,93.86778711217272,125.63814332967861,197.73034490120162,157.5622599414175,106.64942782290632,67.25159523665847,46.864237690456896,71.54469623830344,26.285976545842217,135
150.5559706500543,95.84361720920114,120.72265914313613,106.12803203395902,110.97917248148735,29.859120398150328,107.53995130410533,107.70028773498088,142.36271264594026,27.513059574468084,133
94.97387940470509,59.93136754479277,54.78113212892292,5.776684332222923,49.15459970217143,28.62859307117569,143.09878284051976,70.74644786875822,66.16943963012378,27.780633684210525,121
118.44859675549233,159.1244616116956,166.3815770783532,52.45836220289955,34.240762048979,124.22120008797758,127.10170087453562,145.67301559855213,134.89178938350247,26.140537974683543,96
0.0,28.925141213009773,69.3336873376639,122.02060790372502,70.90948690020733,138.30400165851796,59.13762889602669,72.51290329316018,84.53002542983924,26.791683083511778,69
72.01652928597282,76.43624397484615,109.89648745809933,55.81663954543945,115.93261049795535,120.53248995800925,58.70951551583857,74.29868570315669,83.26530922021104,27.1047805907173,41
36.36016840549699,45.03228481023783,37.4946445498799,101.63068519581259,98.8865413057458,126.81304947908174,73.79932558225153,80.61610019292661,138.16265054665672,27.44927118644068,58
186.61619517395712,176.75568005546262,179.96077760821257,76.22797761418464,17.923098254364024,71.22176974826242,97.91970437468667,108.96746966785983,123.30203786097603,27.628857749469212,75
91.82136128811202,132.10590048583202,96.3835060665974,62.52564210246251,9.034085835879445,27.979497072685852,40.998010875907106,62.46483609750791,72.3612754259453,26.88746511627907,84
52.20770713583125,80.7153816512785,87.08895332051159,53.786977087283404,116.7342996523989,67.7210810434589,55.710730978864675,156.68900574735846,153.9792915315414,27.72132627118644,84
0.0,26.24819166707653,19.03917640349831,68.6060777530246,33.96800017179307,27.16349404693878,131.3656794636898,81.5865707509785,90.7947756798918,27.245878464818766,84
35.42567240172424,92.3918875076715,88.55301652823069,13.788903304960078,20.21956533838816,72.18705749553608,125.39495857110437,48.25528888310215,51.94530464975918,26.92771670190275,90
100.10230988623002,82.67178671063968,117.1665904808226,136.41707808070254,105.67646878488674,141.00556314884238,92.572866063355,51.37631862578117,69.63853166547489,27.963970212765958,112
129.76247026001062,126.09001517458289,100.75677877418195,116.35420366161985,103.2774119158676,84.45409357835423,145.1079373262403,120.08390013118037,111.74859074609985,27.338613924050634,134
56.477608505151125,60.69148998752217,72.7860776868349,58.488097412192936,52.44839926350277,46.08774655384655,152.5236617043631,108.16370942211361,106.946733754018,26.685750533049042,156
88.67994567735853,158.58442938209484,161.65418633845462,116.26695103219537,6.090627919121599,28.620303592994023,137.173486073591,154.29472936660974,156.94256530181357,26.38470253164557,178
107.88027978350468,163.93388939824123,117.84305352453104,38.509187084846424,64.67626772846333,81.0510228303298,179.09762753122104,136.16689351791274,124.60787587004994,25.488684989429174,171
50.06996522119064,98.14882190743664,143.0843888181689,16.778126395228263,57.1749720907441,96.75842507606833,94.53337464893816,86.97176681567869,121.63406004451923,26.80929201680672,149
141.79844134683927,102.95057594223631,98.54402125050294,177.08452057574556,185.27124384809846,177.58161989795536,100.86394029897781,104.39149988293896,57.9531878830498,27.701699152542375,127
97.33346374659354,93.82064834541367,80.04658636677952,143.06197342233048,144.06092938596913,172.3328542708907,174.81789038069672,98.0416059604536,93.09665660015439,27.848705756929636,106
63.0161761020832,79.89204848048406,57.42405878863871,105.50816337138313,98.31667355440656,101.45648405730878,129.47033337095834,56.29905567600368,77.00678588887266,26.141826923076923,84
0.0,63.07105596585191,99.40744034810433,73.94981165621637,49.28495126246535,29.76226967355859,71.05385541669797,90.92598892432446,81.06527460598484,27.14141437632135,84
67.35045165075542,92.37702510922495,78.33363741307477,168.69855405124272,245.51110312494126,205.30319456187667,79.62951331837981,110.47816265246723,111.55567297216801,26.17147121535181,84
148.4137181572966,133.04456356023871,162.28611590232936,120.65586844265455,130.18250223857459,211.77894292508543,85.28234691789874,77.35340703111504,97.96319737119616,25.83223566878981,82
50.02091751474987,31.210130432439513,66.43702049417654,111.03332643672127,120.86463108639485,124.38536204690197,99.24408585026495,73.74261091503139,72.90153681484345,26.76133050847458,66
101.92464686940349,139.30012033072697,114.22864299045652,105.8074135505133,146.71335939382496,120.27523950451042,95.24643103070719,93.30652903964604,103.85297657129118,27.134914046121597,49
29.403499446715458,44.01556421238375,76.65523485652757,22.00521137568092,58.16820124422223,18.868213135698365,166.9106082775392,111.10818344923123,133.88442087376524,25.84094117647059,17
82.96596203503633,69.43257931706029,50.15282579648566,43.692363959098536,67.39193572758143,75.86567213690861,28.498195615240718,39.40522148466876,56.727370848507114,26.151669509594882,23
117.5099720117327,75.16151700581344,97.66901497829927,135.20148429126493,109.84391389767558,94.17895358520211,73.42984390242978,79.16050156558555,98.66442808187449,26.65933826638478,30
11.9171430904677,76.82742718781961,82.23496448337909,75.93952213551918,105.97846772801032,127.90723531810576,107.60290301718902,102.91209148907073,105.80774318639509,26.341238297872344,33
54.407386269776595,41.1492025899753,74.21486406173177,127.6556362947944,75.55105113325955,48.834991526833676,123.10053207467041,122.68207606081955,48.10188658314536,26.166869658119662,33
133.22453565081858,120.74414227049553,122.51171026468585,90.49376434030913,48.707825245153074,134.0225734110998,109.1335156218919,112.48419539256376,137.04061527402428,27.436596153846157,33
47.1657156163934,88.76742131884237,114.49201653119479,104.04314801214718,44.123881873992204,24.478561474526316,91.44165020129763,104.3844817509908,118.99169676481327,26.204773987206824,42
88.58236381529831,111.26711179041466,142.15257063312413,139.2769793429752,140.92620870014386,180.20658723099254,119.95409783597466,84.21496458663997,98.18603672633141,26.568927966101693,74
33.63610202482715,121.2448705315092,163.14778625772794,73.48027219877946,177.30358436671358,132.93965113655364,71.4874508446849,105.12686342623682,118.43078394176533,25.419545454545453,106
80.57305902944961,143.39641102588803,123.64245578173934,97.94042658124454,82.46077877916257,65.22091759850518,111.07249719247879,179.65545923394743,164.75061536340036,26.22620382165605,139
161.11414391853364,169.38465032265646,129.16388353354526,80.49702029848018,185.6797804422693,158.4107455514021,304.6453811428047,262.9230247995707,211.33784096289398,24.68372921108742,170
161.630343312145,189.97080388933122,137.00470403832082,122.7960798923819,62.00131303177838,44.728532546535725,118.22604140135724,193.08346228486707,154.0526377058442,25.96011513859275,161
100.84556795309153,130.4711950036306,133.98824520563502,115.22195543751924,155.61770833399368,121.67824676442832,73.6380050397748,110.06580670299759,98.01955684947193,24.969868085106384,129
75.02178350917632,120.99478604462583,87.36162856856214,142.37812208109912,192.0837822775182,177.25722143852673,96.53286289922501,132.85605354155493,116.02760077925184,26.522634615384618,97
28.649507591221273,28.698297376713892,48.44013479634088,55.30907346357991,54.000971281536685,83.89038180982031,70.98219620563826,77.11791701074553,72.4286708423083,26.12359872611465,65
57.47946505530539,100.20127223477004,101.07830113368952,97.56197041213171,152.77159077339962,197.727417334873,80.98619906193704,106.67709749372696,103.99316115613671,25.67391350210971,33
0.0,59.76518190711181,76.10548733596146,103.34416799981187,138.83332998519285,170.04755918507723,73.83288986107962,81.96284379578202,79.4958460715792,24.70702105263158,33
126.2410153833239,113.27547893325179,82.15469677009578,56.89524855443228,111.21931046503748,113.19643296116706,93.79144200195637,76.26962745570702,66.83824760087258,26.241260042283297,33
135.5359067788619,143.68334794078788,132.82972445935548,184.75391757899587,147.98523520318892,74.45652057150599,185.74809777352428,148.73602567772608,203.99300745203388,25.016141949152544,32
61.17281553465437,62.99783514591465,85.15346689483503,91.73489046610442,66.76358451235002,73.41971176778496,89.6396388303106,111.07381845072759,123.39639810959088,25.773549145299146,26
89.33534410488447,77.8412474318299,76.8419409595594,129.52113666219418,72.12852350337369,53.1424178193287,28.188588122063233,63.93900859366703,144.30614858611736,25.847389247311828,20
